{
"time": "8/9/2012 3:51:36 PM",
"covariance": [-118.2776182384, -155.6630444901, 0.0716505934, -155.6630444901, 222.8447453310, -0.2166884123, 0.0716505934, -0.2166884123, 0.0001843755],
"ins": {"x": 30140.0000000000, "y": -25110.0000000000, "z": 1270.0000000000, "yaw": 2.8800000000, "roll": 6.2800000000, "pitch": 0.0000000000 },
"slam": {"x": 30145.0949867904, "y": -25103.9386344312, "yaw": 2.8880970889 },
"matches": 121.0000000000,
"groundtruth": {"x": 30140.0000000000, "y": -25110.0000000000, "z": 1720.0000000000, "yaw": 2.8900000000, "pitch": 0.0000000000, "roll": 0.0000000000 },
"extend": true
},
{
"time": "8/9/2012 3:51:37 PM",
"covariance": [54.1013784212, 5.2753340952, 0.0063106006, 5.2753340952, 24.6428259601, -0.0172643561, 0.0063106006, -0.0172643561, 0.0000148646],
"ins": {"x": 29910.0000000000, "y": -25060.0000000000, "z": 1270.0000000000, "yaw": 2.9300000000, "roll": 6.2800000000, "pitch": 6.2800000000 },
"slam": {"x": 29894.4875728314, "y": -25038.5899627496, "yaw": 2.9402890883 },
"matches": 123.0000000000,
"groundtruth": {"x": 29890.0000000000, "y": -25050.0000000000, "z": 1720.0000000000, "yaw": 2.9400000000, "pitch": 0.0000000000, "roll": 0.0000000000 },
"extend": true
},
{
"time": "8/9/2012 3:51:37 PM",
"covariance": [29.2167869792, 2.7827780994, 0.0016156435, 2.7827780994, 6.2835346680, -0.0043324777, 0.0016156435, -0.0043324777, 0.0000041767],
"ins": {"x": 29790.0000000000, "y": -25040.0000000000, "z": 1270.0000000000, "yaw": 2.9500000000, "roll": 6.2800000000, "pitch": 0.0000000000 },
"slam": {"x": 29810.4267812250, "y": -25018.0830765219, "yaw": 2.9533949404 },
"matches": 135.0000000000,
"groundtruth": {"x": 29800.0000000000, "y": -25030.0000000000, "z": 1720.0000000000, "yaw": 2.9500000000, "pitch": 0.0000000000, "roll": 0.0000000000 },
"extend": false
},
{
"time": "8/9/2012 3:51:37 PM",
"covariance": [62.3751764795, 6.6666441580, 0.0050979992, 6.6666441580, 18.7775093857, -0.0141322273, 0.0050979992, -0.0141322273, 0.0000131410],
"ins": {"x": 29740.0000000000, "y": -25020.0000000000, "z": 1270.0000000000, "yaw": 2.9500000000, "roll": 6.2800000000, "pitch": 6.2800000000 },
"slam": {"x": 29732.7369319292, "y": -25002.6597594502, "yaw": 2.9520709959 },
"matches": 131.0000000000,
"groundtruth": {"x": 29720.0000000000, "y": -25020.0000000000, "z": 1720.0000000000, "yaw": 2.9500000000, "pitch": 0.0000000000, "roll": 0.0000000000 },
"extend": false
},
{
"time": "8/9/2012 3:51:38 PM",
"covariance": [68.3069206349, -8.4038867703, 0.0136642883, -8.4038867703, 129.6234224514, -0.0902646913, 0.0136642883, -0.0902646913, 0.0000658010],
"ins": {"x": 29090.0000000000, "y": -24890.0000000000, "z": 1240.0000000000, "yaw": 2.9400000000, "roll": 6.2800000000, "pitch": 0.0200000000 },
"slam": {"x": 29093.8721035143, "y": -24869.2679446183, "yaw": 2.9395435413 },
"matches": 107.0000000000,
"groundtruth": {"x": 29080.0000000000, "y": -24890.0000000000, "z": 1710.0000000000, "yaw": 2.9400000000, "pitch": 0.0200000000, "roll": 0.0000000000 },
"extend": true
},
{
"time": "8/9/2012 3:51:39 PM",
"covariance": [39.1777106563, 2.7542763063, 0.0036902245, 2.7542763063, 30.4553409260, -0.0338450935, 0.0036902245, -0.0338450935, 0.0000399777],
"ins": {"x": 28820.0000000000, "y": -24820.0000000000, "z": 1260.0000000000, "yaw": 2.9800000000, "roll": 6.2800000000, "pitch": 0.0000000000 },
"slam": {"x": 28819.3117013099, "y": -24818.3737408377, "yaw": 2.9819128207 },
"matches": 148.0000000000,
"groundtruth": {"x": 28820.0000000000, "y": -24840.0000000000, "z": 1720.0000000000, "yaw": 2.9800000000, "pitch": 0.0000000000, "roll": 0.0000000000 },
"extend": true
},
{
"time": "8/9/2012 3:51:51 PM",
"covariance": [31.0702994595, -1.7768698416, 0.0005277826, -1.7768698416, 28.0556563791, -0.0460228917, 0.0005277826, -0.0460228917, 0.0000692741],
"ins": {"x": 28750.0000000000, "y": -24810.0000000000, "z": 1260.0000000000, "yaw": 3.0000000000, "roll": 0.0000000000, "pitch": 0.0000000000 },
"slam": {"x": 28745.4902986488, "y": -24801.7508784869, "yaw": 3.0029805867 },
"matches": 163.0000000000,
"groundtruth": {"x": 28710.0000000000, "y": -24830.0000000000, "z": 1720.0000000000, "yaw": 3.0000000000, "pitch": 0.0000000000, "roll": 0.0000000000 },
"extend": false
},
{
"time": "8/9/2012 3:51:52 PM",
"covariance": [39.9442588019, 3.8442568223, 0.0003115241, 3.8442568223, 21.3142806498, -0.0290212009, 0.0003115241, -0.0290212009, 0.0000409624],
"ins": {"x": 28640.0000000000, "y": -24790.0000000000, "z": 1260.0000000000, "yaw": 3.0000000000, "roll": 6.2800000000, "pitch": 0.0000000000 },
"slam": {"x": 28644.2821006740, "y": -24788.8388818369, "yaw": 3.0042488953 },
"matches": 159.0000000000,
"groundtruth": {"x": 28640.0000000000, "y": -24820.0000000000, "z": 1720.0000000000, "yaw": 3.0000000000, "pitch": 0.0000000000, "roll": 0.0000000000 },
"extend": false
},
{
"time": "8/9/2012 3:51:52 PM",
"covariance": [35.8319904686, 3.7261534458, -0.0001591208, 3.7261534458, 23.3225044256, -0.0302428342, -0.0001591208, -0.0302428342, 0.0000411650],
"ins": {"x": 28590.0000000000, "y": -24790.0000000000, "z": 1260.0000000000, "yaw": 3.0100000000, "roll": 6.2800000000, "pitch": 0.0000000000 },
"slam": {"x": 28573.6900523901, "y": -24777.0012603562, "yaw": 3.0052175681 },
"matches": 156.0000000000,
"groundtruth": {"x": 28560.0000000000, "y": -24810.0000000000, "z": 1720.0000000000, "yaw": 3.0000000000, "pitch": 0.0000000000, "roll": 0.0000000000 },
"extend": true
},
{
"time": "8/9/2012 3:51:52 PM",
"covariance": [41.0982181987, 2.7296080650, 0.0012357552, 2.7296080650, 18.6083274795, -0.0275003211, 0.0012357552, -0.0275003211, 0.0000438613],
"ins": {"x": 28350.0000000000, "y": -24750.0000000000, "z": 1260.0000000000, "yaw": 3.0000000000, "roll": 6.2800000000, "pitch": 0.0100000000 },
"slam": {"x": 28350.8841563481, "y": -24743.3427754406, "yaw": 2.9995197698 },
"matches": 146.0000000000,
"groundtruth": {"x": 28350.0000000000, "y": -24780.0000000000, "z": 1720.0000000000, "yaw": 3.0000000000, "pitch": 0.0000000000, "roll": 0.0000000000 },
"extend": true
},
{
"time": "8/9/2012 3:51:53 PM",
"covariance": [44.1853444965, 3.2281165484, 0.0010247273, 3.2281165484, 15.7774933650, -0.0253453853, 0.0010247273, -0.0253453853, 0.0000432541],
"ins": {"x": 28160.0000000000, "y": -24720.0000000000, "z": 1260.0000000000, "yaw": 3.0200000000, "roll": 6.2800000000, "pitch": 0.0100000000 },
"slam": {"x": 28153.1425382646, "y": -24712.5399862524, "yaw": 3.0202970203 },
"matches": 145.0000000000,
"groundtruth": {"x": 28090.0000000000, "y": -24750.0000000000, "z": 1720.0000000000, "yaw": 3.0200000000, "pitch": 0.0100000000, "roll": 0.0000000000 },
"extend": true
},
{
"time": "8/9/2012 3:51:53 PM",
"covariance": [48.3172398042, 6.6168410523, -0.0035697105, 6.6168410523, 19.4550244012, -0.0280496361, -0.0035697105, -0.0280496361, 0.0000416806],
"ins": {"x": 27870.0000000000, "y": -24680.0000000000, "z": 1260.0000000000, "yaw": 3.0000000000, "roll": 6.2800000000, "pitch": 0.0100000000 },
"slam": {"x": 27874.2154379852, "y": -24675.2958538976, "yaw": 3.0022439742 },
"matches": 143.0000000000,
"groundtruth": {"x": 27860.0000000000, "y": -24710.0000000000, "z": 1720.0000000000, "yaw": 3.0000000000, "pitch": 0.0100000000, "roll": 0.0000000000 },
"extend": true
},
{
"time": "8/9/2012 3:51:53 PM",
"covariance": [50.6357343175, 6.7312123764, -0.0053468318, 6.7312123764, 10.7116475061, -0.0229777956, -0.0053468318, -0.0229777956, 0.0000416279],
"ins": {"x": 27730.0000000000, "y": -24670.0000000000, "z": 1260.0000000000, "yaw": 2.9900000000, "roll": 6.2800000000, "pitch": 0.0200000000 },
"slam": {"x": 27740.2637931716, "y": -24646.6577890151, "yaw": 3.0083117749 },
"matches": 147.0000000000,
"groundtruth": {"x": 27650.0000000000, "y": -24690.0000000000, "z": 1720.0000000000, "yaw": 3.0100000000, "pitch": 0.0200000000, "roll": 0.0000000000 },
"extend": false
},
{
"time": "8/9/2012 3:51:53 PM",
"covariance": [52.4675678725, 11.1920304758, -0.0044683068, 11.1920304758, 27.2484229120, -0.0318274179, -0.0044683068, -0.0318274179, 0.0000419352],
"ins": {"x": 27410.0000000000, "y": -24630.0000000000, "z": 1250.0000000000, "yaw": 3.0100000000, "roll": 6.2800000000, "pitch": 0.0000000000 },
"slam": {"x": 27408.0513278939, "y": -24612.9984880947, "yaw": 3.0124449492 },
"matches": 124.0000000000,
"groundtruth": {"x": 27420.0000000000, "y": -24660.0000000000, "z": 1720.0000000000, "yaw": 3.0100000000, "pitch": 0.0000000000, "roll": 0.0000000000 },
"extend": true
},
{
"time": "8/9/2012 3:51:54 PM",
"covariance": [65.7512072928, 12.7985145309, -0.0103084669, 12.7985145309, 10.4856570554, -0.0245924023, -0.0103084669, -0.0245924023, 0.0000436557],
"ins": {"x": 27250.0000000000, "y": -24620.0000000000, "z": 1250.0000000000, "yaw": 3.0100000000, "roll": 6.2800000000, "pitch": 0.0200000000 },
"slam": {"x": 27247.9311201044, "y": -24576.5663651649, "yaw": 3.0009112065 },
"matches": 135.0000000000,
"groundtruth": {"x": 27150.0000000000, "y": -24620.0000000000, "z": 1720.0000000000, "yaw": 3.0000000000, "pitch": 0.0100000000, "roll": 0.0000000000 },
"extend": false
},
{
"time": "8/9/2012 3:51:54 PM",
"covariance": [59.2831428850, 17.4671144659, -0.0101895341, 17.4671144659, 27.9904914497, -0.0332640545, -0.0101895341, -0.0332640545, 0.0000430075],
"ins": {"x": 26920.0000000000, "y": -24550.0000000000, "z": 1250.0000000000, "yaw": 3.0000000000, "roll": 6.2800000000, "pitch": 0.0100000000 },
"slam": {"x": 26923.5433449071, "y": -24540.3765839537, "yaw": 3.0002400026 },
"matches": 114.0000000000,
"groundtruth": {"x": 26930.0000000000, "y": -24590.0000000000, "z": 1720.0000000000, "yaw": 3.0000000000, "pitch": 0.0000000000, "roll": 0.0000000000 },
"extend": true
},
{
"time": "8/9/2012 3:51:54 PM",
"covariance": [68.3557837268, 14.3116992957, -0.0165397052, 14.3116992957, 5.7130608171, -0.0239460050, -0.0165397052, -0.0239460050, 0.0000433573],
"ins": {"x": 26760.0000000000, "y": -24540.0000000000, "z": 1250.0000000000, "yaw": 2.9900000000, "roll": 0.0000000000, "pitch": 0.0100000000 },
"slam": {"x": 26767.0823904507, "y": -24506.0545375728, "yaw": 3.0049954420 },
"matches": 123.0000000000,
"groundtruth": {"x": 26700.0000000000, "y": -24560.0000000000, "z": 1720.0000000000, "yaw": 3.0100000000, "pitch": 0.0000000000, "roll": 0.0000000000 },
"extend": false
},
{
"time": "8/9/2012 3:51:55 PM",
"covariance": [77.6531221470, 41.5041553898, -0.0340210358, 41.5041553898, 41.4208915635, -0.0632329061, -0.0340210358, -0.0632329061, 0.0000829939],
"ins": {"x": 26470.0000000000, "y": -24500.0000000000, "z": 1250.0000000000, "yaw": 3.0000000000, "roll": 0.0000000000, "pitch": 0.0200000000 },
"slam": {"x": 26471.8995349426, "y": -24472.1755676744, "yaw": 3.0012296238 },
"matches": 104.0000000000,
"groundtruth": {"x": 26480.0000000000, "y": -24530.0000000000, "z": 1720.0000000000, "yaw": 3.0000000000, "pitch": 0.0100000000, "roll": 0.0000000000 },
"extend": true
},
{
"time": "8/9/2012 3:51:55 PM",
"covariance": [-1.3651449144, 24.0041104398, -0.0130662325, 24.0041104398, 18.3871327207, -0.0223813225, -0.0130662325, -0.0223813225, 0.0000287622],
"ins": {"x": 26320.0000000000, "y": -24470.0000000000, "z": 1260.0000000000, "yaw": 2.9700000000, "roll": 6.2800000000, "pitch": 0.0000000000 },
"slam": {"x": 26247.0717881382, "y": -24429.6259482122, "yaw": 2.9742627677 },
"matches": 115.0000000000,
"groundtruth": {"x": 26250.0000000000, "y": -24480.0000000000, "z": 1720.0000000000, "yaw": 2.9700000000, "pitch": 0.0000000000, "roll": 0.0000000000 },
"extend": true
},
{
"time": "8/9/2012 3:51:55 PM",
"covariance": [-21.1790868960, 15.1716215821, -0.0059738963, 15.1716215821, 17.4525546519, -0.0169717963, -0.0059738963, -0.0169717963, 0.0000198728],
"ins": {"x": 25990.0000000000, "y": -24410.0000000000, "z": 1250.0000000000, "yaw": 2.9900000000, "roll": 6.2800000000, "pitch": 0.0100000000 },
"slam": {"x": 26011.2057904674, "y": -24391.0154925437, "yaw": 2.9895225355 },
"matches": 109.0000000000,
"groundtruth": {"x": 26010.0000000000, "y": -24450.0000000000, "z": 1720.0000000000, "yaw": 2.9900000000, "pitch": 0.0000000000, "roll": 0.0000000000 },
"extend": true
},
{
"time": "8/9/2012 3:51:56 PM",
"covariance": [-32.8689963364, 11.8711145751, -0.0025497095, 11.8711145751, 12.8411944608, -0.0126078826, -0.0025497095, -0.0126078826, 0.0000147863],
"ins": {"x": 25840.0000000000, "y": -24390.0000000000, "z": 1250.0000000000, "yaw": 3.0000000000, "roll": 0.0000000000, "pitch": 0.0100000000 },
"slam": {"x": 25787.6371892172, "y": -24356.0170192743, "yaw": 2.9889619520 },
"matches": 112.0000000000,
"groundtruth": {"x": 25780.0000000000, "y": -24420.0000000000, "z": 1720.0000000000, "yaw": 2.9900000000, "pitch": 0.0100000000, "roll": 0.0000000000 },
"extend": true
},
{
"time": "8/9/2012 3:51:56 PM",
"covariance": [-32.1570801965, 11.1939215453, -0.0023713904, 11.1939215453, 12.6462979783, -0.0122656726, -0.0023713904, -0.0122656726, 0.0000137782],
"ins": {"x": 25540.0000000000, "y": -24330.0000000000, "z": 1250.0000000000, "yaw": 2.9600000000, "roll": 6.2800000000, "pitch": 0.0000000000 },
"slam": {"x": 25555.7901184025, "y": -24309.9883787023, "yaw": 2.9622549380 },
"matches": 116.0000000000,
"groundtruth": {"x": 25560.0000000000, "y": -24370.0000000000, "z": 1720.0000000000, "yaw": 2.9600000000, "pitch": 0.0000000000, "roll": 0.0000000000 },
"extend": true
},
{
"time": "8/9/2012 3:51:56 PM",
"covariance": [-23.7574802076, 8.8204742420, 0.0000521765, 8.8204742420, 12.7737148973, -0.0112052054, 0.0000521765, -0.0112052054, 0.0000118917],
"ins": {"x": 25370.0000000000, "y": -24300.0000000000, "z": 1250.0000000000, "yaw": 2.9700000000, "roll": 6.2800000000, "pitch": 0.0200000000 },
"slam": {"x": 25301.2396296376, "y": -24265.3500225949, "yaw": 2.9879274921 },
"matches": 114.0000000000,
"groundtruth": {"x": 25300.0000000000, "y": -24330.0000000000, "z": 1710.0000000000, "yaw": 2.9900000000, "pitch": 0.0200000000, "roll": 0.0000000000 },
"extend": true
},
{
"time": "8/9/2012 3:51:56 PM",
"covariance": [-21.7452808788, 8.9854861169, -0.0011814706, 8.9854861169, 13.3162431271, -0.0122436646, -0.0011814706, -0.0122436646, 0.0000130475],
"ins": {"x": 25090.0000000000, "y": -24270.0000000000, "z": 1250.0000000000, "yaw": 2.9800000000, "roll": 6.2800000000, "pitch": 0.0000000000 },
"slam": {"x": 25090.5119622438, "y": -24231.4717519273, "yaw": 2.9823315029 },
"matches": 116.0000000000,
"groundtruth": {"x": 25090.0000000000, "y": -24300.0000000000, "z": 1720.0000000000, "yaw": 2.9800000000, "pitch": 0.0000000000, "roll": 0.0000000000 },
"extend": true
},
{
"time": "8/9/2012 3:51:56 PM",
"covariance": [-3.2632477811, 7.8091211422, 0.0002590567, 7.8091211422, 15.7981601689, -0.0136157852, 0.0002590567, -0.0136157852, 0.0000134950],
"ins": {"x": 24940.0000000000, "y": -24250.0000000000, "z": 1240.0000000000, "yaw": 2.9700000000, "roll": 0.0000000000, "pitch": 0.0100000000 },
"slam": {"x": 24823.7988803846, "y": -24179.9070829536, "yaw": 2.9693071084 },
"matches": 117.0000000000,
"groundtruth": {"x": 24810.0000000000, "y": -24250.0000000000, "z": 1710.0000000000, "yaw": 2.9700000000, "pitch": 0.0200000000, "roll": 0.0000000000 },
"extend": true
},
{
"time": "8/9/2012 3:51:57 PM",
"covariance": [-4.9327368022, -0.5242615497, 0.0024065904, -0.5242615497, 15.0468772833, -0.0117510295, 0.0024065904, -0.0117510295, 0.0000108695],
"ins": {"x": 24640.0000000000, "y": -24210.0000000000, "z": 1240.0000000000, "yaw": 2.9800000000, "roll": 0.0000000000, "pitch": 0.0200000000 },
"slam": {"x": 24634.5637291069, "y": -24150.0048383818, "yaw": 2.9864834186 },
"matches": 131.0000000000,
"groundtruth": {"x": 24630.0000000000, "y": -24230.0000000000, "z": 1710.0000000000, "yaw": 2.9900000000, "pitch": 0.0200000000, "roll": 0.0000000000 },
"extend": false
},
{
"time": "8/9/2012 3:51:58 PM",
"covariance": [28.9535328143, -1.3918290487, 0.0048292990, -1.3918290487, 23.6085691163, -0.0168744324, 0.0048292990, -0.0168744324, 0.0000145529],
"ins": {"x": 24470.0000000000, "y": -24180.0000000000, "z": 1260.0000000000, "yaw": 2.9800000000, "roll": 6.2800000000, "pitch": 0.0100000000 },
"slam": {"x": 24386.7764475541, "y": -24105.0468423421, "yaw": 2.9787956394 },
"matches": 109.0000000000,
"groundtruth": {"x": 24370.0000000000, "y": -24180.0000000000, "z": 1720.0000000000, "yaw": 2.9800000000, "pitch": 0.0100000000, "roll": 0.0000000000 },
"extend": true
},
{
"time": "8/9/2012 3:52:18 PM",
"covariance": [27594.7930789959, -16656.1371553959, 10.9451832961, -16656.1371553959, 7734.4541604060, -6.0110180096, 10.9451832961, -6.0110180096, 0.0042012873],
"ins": {"x": 24430.0000000000, "y": -25910.0000000000, "z": 1290.0000000000, "yaw": 4.9800000000, "roll": 6.2800000000, "pitch": 0.0100000000 },
"slam": {"x": 24261.5276899901, "y": -25681.1841485395, "yaw": 5.0196283371 },
"matches": 36.0000000000,
"groundtruth": {"x": 24380.0000000000, "y": -25850.0000000000, "z": 1720.0000000000, "yaw": -1.2600000000, "pitch": 0.0100000000, "roll": 0.0000000000 },
"extend": true
},
{
"time": "8/9/2012 3:52:19 PM",
"covariance": [0.6887927362, 15.2594838316, -0.0384745664, 15.2594838316, 122.7548915350, -0.1460055754, -0.0384745664, -0.1460055754, 0.0001421364],
"ins": {"x": 24480.0000000000, "y": -26050.0000000000, "z": 1300.0000000000, "yaw": 4.9900000000, "roll": 6.2800000000, "pitch": 0.0000000000 },
"slam": {"x": 24334.3500128311, "y": -25905.4986275160, "yaw": 5.0335139356 },
"matches": 98.0000000000,
"groundtruth": {"x": 24460.0000000000, "y": -26080.0000000000, "z": 1720.0000000000, "yaw": -1.2500000000, "pitch": 0.0100000000, "roll": 0.0000000000 },
"extend": true
},
{
"time": "8/9/2012 3:52:19 PM",
"covariance": [9.7572908826, 37.1027858766, -0.0514017399, 37.1027858766, 240.1708125947, -0.2162028912, -0.0514017399, -0.2162028912, 0.0001864650],
"ins": {"x": 24570.0000000000, "y": -26350.0000000000, "z": 1310.0000000000, "yaw": 4.9800000000, "roll": 6.2800000000, "pitch": 0.0100000000 },
"slam": {"x": 24403.9128998179, "y": -26126.1734997707, "yaw": 5.0237373639 },
"matches": 96.0000000000,
"groundtruth": {"x": 24530.0000000000, "y": -26300.0000000000, "z": 1720.0000000000, "yaw": -1.2600000000, "pitch": 0.0100000000, "roll": 0.0000000000 },
"extend": true
},
{
"time": "8/9/2012 3:52:20 PM",
"covariance": [130.7862452089, -39.0271565725, -0.0033924141, -39.0271565725, 168.9300210794, -0.0858983301, -0.0033924141, -0.0858983301, 0.0000504368],
"ins": {"x": 24730.0000000000, "y": -26800.0000000000, "z": 1310.0000000000, "yaw": 5.0000000000, "roll": 6.2800000000, "pitch": 0.0100000000 },
"slam": {"x": 24548.2288949236, "y": -26830.7671037738, "yaw": 5.0384647351 },
"matches": 82.0000000000,
"groundtruth": {"x": 24690.0000000000, "y": -26770.0000000000, "z": 1720.0000000000, "yaw": -1.2400000000, "pitch": 0.0100000000, "roll": 0.0000000000 },
"extend": true
},
{
"time": "8/9/2012 3:52:21 PM",
"covariance": [60.5485083038, -16.6175441708, -0.0046311325, -16.6175441708, 44.8584493730, -0.0313655547, -0.0046311325, -0.0313655547, 0.0000273821],
"ins": {"x": 24800.0000000000, "y": -27090.0000000000, "z": 1310.0000000000, "yaw": 4.8600000000, "roll": 0.0000000000, "pitch": 6.2800000000 },
"slam": {"x": 24649.2355512881, "y": -27078.1345589638, "yaw": 4.9088708229 },
"matches": 132.0000000000,
"groundtruth": {"x": 24780.0000000000, "y": -27060.0000000000, "z": 1720.0000000000, "yaw": -1.3700000000, "pitch": 0.0000000000, "roll": 0.0000000000 },
"extend": true
},
{
"time": "8/9/2012 3:52:21 PM",
"covariance": [47.6926740506, -5.0282105761, -0.0330389399, -5.0282105761, 309.9475727310, -0.3544365976, -0.0330389399, -0.3544365976, 0.0003682233],
"ins": {"x": 24810.0000000000, "y": -27090.0000000000, "z": 1310.0000000000, "yaw": 4.7300000000, "roll": 6.2800000000, "pitch": 6.2800000000 },
"slam": {"x": 24663.6093157439, "y": -27086.2797753415, "yaw": 4.7361719983 },
"matches": 153.0000000000,
"groundtruth": {"x": 24780.0000000000, "y": -27060.0000000000, "z": 1720.0000000000, "yaw": -1.5400000000, "pitch": 0.0000000000, "roll": 0.0000000000 },
"extend": false
},
{
"time": "8/9/2012 3:52:21 PM",
"covariance": [42.8675363975, -7.1026512883, -0.0281609426, -7.1026512883, 311.7185465525, -0.3515970348, -0.0281609426, -0.3515970348, 0.0003685552],
"ins": {"x": 24800.0000000000, "y": -27090.0000000000, "z": 1310.0000000000, "yaw": 4.6100000000, "roll": 6.2800000000, "pitch": 6.2800000000 },
"slam": {"x": 24668.7509667036, "y": -27077.5351307521, "yaw": 4.6655400342 },
"matches": 154.0000000000,
"groundtruth": {"x": 24780.0000000000, "y": -27060.0000000000, "z": 1720.0000000000, "yaw": -1.6200000000, "pitch": 0.0000000000, "roll": 0.0000000000 },
"extend": false
},
{
"time": "8/9/2012 3:52:21 PM",
"covariance": [54.5512747445, -8.1972292966, -0.0145556958, -8.1972292966, 211.0765879559, -0.2359811567, -0.0145556958, -0.2359811567, 0.0002446480],
"ins": {"x": 24810.0000000000, "y": -27090.0000000000, "z": 1310.0000000000, "yaw": 4.5300000000, "roll": 6.2800000000, "pitch": 6.2800000000 },
"slam": {"x": 24682.3829855739, "y": -27070.3690305118, "yaw": 4.5328791610 },
"matches": 152.0000000000,
"groundtruth": {"x": 24780.0000000000, "y": -27040.0000000000, "z": 1720.0000000000, "yaw": -1.7500000000, "pitch": 0.0000000000, "roll": 0.0000000000 },
"extend": false
},
{
"time": "8/9/2012 3:52:22 PM",
"covariance": [-11.3889702237, -35.2161022791, 0.0017371256, -35.2161022791, 347.3857832068, -0.3708995207, 0.0017371256, -0.3708995207, 0.0003928106],
"ins": {"x": 24790.0000000000, "y": -27280.0000000000, "z": 1310.0000000000, "yaw": 4.5500000000, "roll": 6.2800000000, "pitch": 0.0000000000 },
"slam": {"x": 24657.9093608854, "y": -27279.4611408217, "yaw": 4.5926383677 },
"matches": 144.0000000000,
"groundtruth": {"x": 24770.0000000000, "y": -27240.0000000000, "z": 1720.0000000000, "yaw": -1.6900000000, "pitch": 0.0000000000, "roll": 0.0000000000 },
"extend": false
},
{
"time": "8/9/2012 3:52:22 PM",
"covariance": [46.4486967287, -9.2199719182, -0.0017997462, -9.2199719182, 32.3501478064, -0.0293057271, -0.0017997462, -0.0293057271, 0.0000297817],
"ins": {"x": 24780.0000000000, "y": -27400.0000000000, "z": 1300.0000000000, "yaw": 4.5500000000, "roll": 6.2800000000, "pitch": 6.2800000000 },
"slam": {"x": 24625.5247405036, "y": -27398.2787811236, "yaw": 4.5749914394 },
"matches": 151.0000000000,
"groundtruth": {"x": 24730.0000000000, "y": -27470.0000000000, "z": 1720.0000000000, "yaw": -1.7100000000, "pitch": 0.0200000000, "roll": 0.0000000000 },
"extend": true
},
{
"time": "8/9/2012 3:52:22 PM",
"covariance": [31.6421431525, -4.4130263375, 0.0056601471, -4.4130263375, 22.0829590083, -0.0246657420, 0.0056601471, -0.0246657420, 0.0000283569],
"ins": {"x": 24730.0000000000, "y": -27760.0000000000, "z": 1290.0000000000, "yaw": 4.5100000000, "roll": 6.2800000000, "pitch": 0.0100000000 },
"slam": {"x": 24584.4043787759, "y": -27738.8742308675, "yaw": 4.5572701979 },
"matches": 157.0000000000,
"groundtruth": {"x": 24700.0000000000, "y": -27700.0000000000, "z": 1720.0000000000, "yaw": -1.7200000000, "pitch": 0.0100000000, "roll": 0.0000000000 },
"extend": true
},
{
"time": "8/9/2012 3:52:22 PM",
"covariance": [45.1607626270, -2.8384254164, 0.0070889489, -2.8384254164, 12.2003060709, -0.0200077542, 0.0070889489, -0.0200077542, 0.0000298351],
"ins": {"x": 24720.0000000000, "y": -27890.0000000000, "z": 1290.0000000000, "yaw": 4.5300000000, "roll": 6.2800000000, "pitch": 0.0100000000 },
"slam": {"x": 24556.4126473305, "y": -27866.3568311618, "yaw": 4.5860005570 },
"matches": 169.0000000000,
"groundtruth": {"x": 24670.0000000000, "y": -27930.0000000000, "z": 1720.0000000000, "yaw": -1.6900000000, "pitch": 0.0100000000, "roll": 0.0000000000 },
"extend": false
},
{
"time": "8/9/2012 3:52:23 PM",
"covariance": [44.5464547702, -3.6849294288, 0.0077128117, -3.6849294288, 24.0792595988, -0.0257900697, 0.0077128117, -0.0257900697, 0.0000294833],
"ins": {"x": 24670.0000000000, "y": -28170.0000000000, "z": 1310.0000000000, "yaw": 4.5200000000, "roll": 6.2800000000, "pitch": 0.0200000000 },
"slam": {"x": 24522.2054041465, "y": -28184.1798746596, "yaw": 4.5656650538 },
"matches": 147.0000000000,
"groundtruth": {"x": 24640.0000000000, "y": -28150.0000000000, "z": 1710.0000000000, "yaw": -1.7100000000, "pitch": 0.0200000000, "roll": 0.0000000000 },
"extend": true
},
{
"time": "8/9/2012 3:52:23 PM",
"covariance": [49.5016219809, -1.3710888638, 0.0065508205, -1.3710888638, 10.8035758933, -0.0193908461, 0.0065508205, -0.0193908461, 0.0000322313],
"ins": {"x": 24630.0000000000, "y": -28320.0000000000, "z": 1320.0000000000, "yaw": 4.5000000000, "roll": 6.2800000000, "pitch": 0.0000000000 },
"slam": {"x": 24481.4113655580, "y": -28317.2689507220, "yaw": 4.5585190245 },
"matches": 162.0000000000,
"groundtruth": {"x": 24600.0000000000, "y": -28370.0000000000, "z": 1720.0000000000, "yaw": -1.7200000000, "pitch": 0.0000000000, "roll": 0.0000000000 },
"extend": false
},
{
"time": "8/9/2012 3:52:24 PM",
"covariance": [58.4331374511, -7.3618901108, 0.0162045514, -7.3618901108, 40.0508224835, -0.0456229903, 0.0162045514, -0.0456229903, 0.0000560791],
"ins": {"x": 24560.0000000000, "y": -28680.0000000000, "z": 1320.0000000000, "yaw": 4.5200000000, "roll": 6.2800000000, "pitch": 0.0100000000 },
"slam": {"x": 24441.5302880463, "y": -28665.7169461189, "yaw": 4.5731246425 },
"matches": 137.0000000000,
"groundtruth": {"x": 24570.0000000000, "y": -28640.0000000000, "z": 1720.0000000000, "yaw": -1.7100000000, "pitch": 0.0100000000, "roll": 0.0000000000 },
"extend": true
},
{
"time": "8/9/2012 3:52:24 PM",
"covariance": [42.1632175128, -1.1890715229, 0.0060495674, -1.1890715229, 9.4033856401, -0.0158150710, 0.0060495674, -0.0158150710, 0.0000282433],
"ins": {"x": 24540.0000000000, "y": -28820.0000000000, "z": 1330.0000000000, "yaw": 4.5000000000, "roll": 6.2800000000, "pitch": 0.0200000000 },
"slam": {"x": 24402.6759196300, "y": -28819.5583516746, "yaw": 4.5450625256 },
"matches": 154.0000000000,
"groundtruth": {"x": 24530.0000000000, "y": -28860.0000000000, "z": 1720.0000000000, "yaw": -1.7300000000, "pitch": 0.0000000000, "roll": 0.0000000000 },
"extend": false
},
{
"time": "8/9/2012 3:52:24 PM",
"covariance": [52.4455429114, -0.5710450465, 0.0082877343, -0.5710450465, 20.6153884320, -0.0223642513, 0.0082877343, -0.0223642513, 0.0000291020],
"ins": {"x": 24490.0000000000, "y": -29140.0000000000, "z": 1320.0000000000, "yaw": 4.5000000000, "roll": 6.2800000000, "pitch": 0.0000000000 },
"slam": {"x": 24359.0018922522, "y": -29137.9603650114, "yaw": 4.5470396033 },
"matches": 132.0000000000,
"groundtruth": {"x": 24490.0000000000, "y": -29100.0000000000, "z": 1720.0000000000, "yaw": -1.7300000000, "pitch": 0.0000000000, "roll": 0.0000000000 },
"extend": true
},
{
"time": "8/9/2012 3:52:25 PM",
"covariance": [8.2643421917, -4.3958519716, 0.0061921551, -4.3958519716, 19.1797901784, -0.0174648322, 0.0061921551, -0.0174648322, 0.0000168254],
"ins": {"x": 24480.0000000000, "y": -29270.0000000000, "z": 1320.0000000000, "yaw": 4.5000000000, "roll": 0.0000000000, "pitch": 0.0100000000 },
"slam": {"x": 24324.0955647801, "y": -29345.0312307363, "yaw": 4.5515021529 },
"matches": 173.0000000000,
"groundtruth": {"x": 24460.0000000000, "y": -29310.0000000000, "z": 1710.0000000000, "yaw": -1.7300000000, "pitch": 0.0200000000, "roll": 0.0000000000 },
"extend": true
},
{
"time": "8/9/2012 3:52:25 PM",
"covariance": [7.8364237415, -6.3315918361, 0.0064446809, -6.3315918361, 20.1408551677, -0.0170583098, 0.0064446809, -0.0170583098, 0.0000139085],
"ins": {"x": 24430.0000000000, "y": -29560.0000000000, "z": 1310.0000000000, "yaw": 4.4900000000, "roll": 6.2800000000, "pitch": 0.0200000000 },
"slam": {"x": 24282.9544779168, "y": -29568.7999872610, "yaw": 4.5458543292 },
"matches": 182.0000000000,
"groundtruth": {"x": 24420.0000000000, "y": -29530.0000000000, "z": 1710.0000000000, "yaw": -1.7300000000, "pitch": 0.0200000000, "roll": 0.0000000000 },
"extend": true
},
{
"time": "8/9/2012 3:52:25 PM",
"covariance": [5.9572046195, -5.6646019583, 0.0056365121, -5.6646019583, 21.8365611986, -0.0162218074, 0.0056365121, -0.0162218074, 0.0000124983],
"ins": {"x": 24400.0000000000, "y": -29750.0000000000, "z": 1310.0000000000, "yaw": 4.4900000000, "roll": 6.2800000000, "pitch": 0.0000000000 },
"slam": {"x": 24235.4393187729, "y": -29832.6246536485, "yaw": 4.5392613560 },
"matches": 182.0000000000,
"groundtruth": {"x": 24370.0000000000, "y": -29800.0000000000, "z": 1720.0000000000, "yaw": -1.7400000000, "pitch": 0.0100000000, "roll": 0.0000000000 },
"extend": true
},
{
"time": "8/9/2012 3:52:25 PM",
"covariance": [4.3352026362, -4.5498191374, 0.0050562378, -4.5498191374, 19.5145829259, -0.0147097327, 0.0050562378, -0.0147097327, 0.0000114292],
"ins": {"x": 24330.0000000000, "y": -30040.0000000000, "z": 1310.0000000000, "yaw": 4.4900000000, "roll": 6.2800000000, "pitch": 0.0000000000 },
"slam": {"x": 24191.3796426889, "y": -30061.7681942299, "yaw": 4.5393005379 },
"matches": 187.0000000000,
"groundtruth": {"x": 24330.0000000000, "y": -30030.0000000000, "z": 1720.0000000000, "yaw": -1.7400000000, "pitch": 0.0000000000, "roll": 0.0000000000 },
"extend": true
},
{
"time": "8/9/2012 3:52:25 PM",
"covariance": [4.5148226034, -5.1884170924, 0.0051407101, -5.1884170924, 17.9976221644, -0.0135270416, 0.0051407101, -0.0135270416, 0.0000105921],
"ins": {"x": 24320.0000000000, "y": -30180.0000000000, "z": 1300.0000000000, "yaw": 4.5100000000, "roll": 6.2800000000, "pitch": 0.0200000000 },
"slam": {"x": 24156.8452263381, "y": -30271.0011548951, "yaw": 4.5570049754 },
"matches": 190.0000000000,
"groundtruth": {"x": 24300.0000000000, "y": -30240.0000000000, "z": 1720.0000000000, "yaw": -1.7200000000, "pitch": 0.0000000000, "roll": 0.0000000000 },
"extend": true
},
{
"time": "8/9/2012 3:52:26 PM",
"covariance": [2.7903540188, -3.7260664412, 0.0042267307, -3.7260664412, 18.5029440049, -0.0135062687, 0.0042267307, -0.0135062687, 0.0000109807],
"ins": {"x": 24270.0000000000, "y": -30480.0000000000, "z": 1310.0000000000, "yaw": 4.4800000000, "roll": 6.2800000000, "pitch": 0.0100000000 },
"slam": {"x": 24115.2161908082, "y": -30494.3119524780, "yaw": 4.5315865181 },
"matches": 177.0000000000,
"groundtruth": {"x": 24260.0000000000, "y": -30460.0000000000, "z": 1720.0000000000, "yaw": -1.7500000000, "pitch": 0.0100000000, "roll": 0.0000000000 },
"extend": true
},
{
"time": "8/9/2012 3:52:27 PM",
"covariance": [3.1312205246, -9.5405279464, 0.0096309642, -9.5405279464, 33.7560360580, -0.0229407046, 0.0096309642, -0.0229407046, 0.0000166341],
"ins": {"x": 24190.0000000000, "y": -30920.0000000000, "z": 1300.0000000000, "yaw": 4.5500000000, "roll": 6.2800000000, "pitch": 0.0000000000 },
"slam": {"x": 24031.6891537991, "y": -30932.3904119752, "yaw": 4.6009483358 },
"matches": 147.0000000000,
"groundtruth": {"x": 24190.0000000000, "y": -30900.0000000000, "z": 1720.0000000000, "yaw": -1.6800000000, "pitch": 0.0000000000, "roll": 0.0000000000 },
"extend": true
},
{
"time": "8/9/2012 3:52:27 PM",
"covariance": [1.9250795147, -6.5062501777, 0.0068699445, -6.5062501777, 22.5790904696, -0.0178578240, 0.0068699445, -0.0178578240, 0.0000150324],
"ins": {"x": 24190.0000000000, "y": -30920.0000000000, "z": 1290.0000000000, "yaw": 4.7600000000, "roll": 6.2800000000, "pitch": 6.2800000000 },
"slam": {"x": 24014.5745405517, "y": -30935.3490633542, "yaw": 4.8139008964 },
"matches": 170.0000000000,
"groundtruth": {"x": 24190.0000000000, "y": -30900.0000000000, "z": 1720.0000000000, "yaw": -1.4600000000, "pitch": 0.0000000000, "roll": 0.0000000000 },
"extend": false
},
{
"time": "8/9/2012 3:52:28 PM",
"covariance": [1.7427086081, -6.3647843452, 0.0068231283, -6.3647843452, 22.4109927194, -0.0177903406, 0.0068231283, -0.0177903406, 0.0000149762],
"ins": {"x": 24190.0000000000, "y": -30920.0000000000, "z": 1290.0000000000, "yaw": 4.7700000000, "roll": 6.2800000000, "pitch": 6.2800000000 },
"slam": {"x": 24014.5084013071, "y": -30933.8144146089, "yaw": 4.8129959223 },
"matches": 170.0000000000,
"groundtruth": {"x": 24190.0000000000, "y": -30900.0000000000, "z": 1720.0000000000, "yaw": -1.4700000000, "pitch": 0.0000000000, "roll": 0.0000000000 },
"extend": false
},
{
"time": "8/9/2012 3:52:29 PM",
"covariance": [1.8431742748, -6.4248981090, 0.0068450841, -6.4248981090, 22.4540876493, -0.0178234863, 0.0068450841, -0.0178234863, 0.0000150114],
"ins": {"x": 24190.0000000000, "y": -30920.0000000000, "z": 1290.0000000000, "yaw": 4.7700000000, "roll": 6.2800000000, "pitch": 6.2800000000 },
"slam": {"x": 24014.2934981917, "y": -30933.1006019377, "yaw": 4.8133612143 },
"matches": 170.0000000000,
"groundtruth": {"x": 24190.0000000000, "y": -30900.0000000000, "z": 1720.0000000000, "yaw": -1.4700000000, "pitch": 0.0000000000, "roll": 0.0000000000 },
"extend": false
},
{
"time": "8/9/2012 3:52:30 PM",
"covariance": [2.4777349412, -6.5017651410, 0.0067293778, -6.5017651410, 22.1367261203, -0.0170437052, 0.0067293778, -0.0170437052, 0.0000138121],
"ins": {"x": 24190.0000000000, "y": -30890.0000000000, "z": 1290.0000000000, "yaw": 4.9300000000, "roll": 6.2800000000, "pitch": 6.2800000000 },
"slam": {"x": 24000.1428181184, "y": -30906.8969555458, "yaw": 4.9656709598 },
"matches": 162.0000000000,
"groundtruth": {"x": 24190.0000000000, "y": -30870.0000000000, "z": 1720.0000000000, "yaw": -1.3100000000, "pitch": 0.0000000000, "roll": 0.0000000000 },
"extend": false
},
{
"time": "8/9/2012 3:52:31 PM",
"covariance": [3.1302411386, -151.8081717747, 0.1557902322, -151.8081717747, 408.7536788232, -0.3250244496, 0.1557902322, -0.3250244496, 0.0002386024],
"ins": {"x": 24200.0000000000, "y": -30900.0000000000, "z": 1290.0000000000, "yaw": 5.2800000000, "roll": 6.2800000000, "pitch": 0.0000000000 },
"slam": {"x": 23992.4979726929, "y": -30942.7761464281, "yaw": 5.3540004268 },
"matches": 150.0000000000,
"groundtruth": {"x": 24210.0000000000, "y": -30890.0000000000, "z": 1720.0000000000, "yaw": -0.9200000000, "pitch": 0.0000000000, "roll": 0.0000000000 },
"extend": true
},
{
"time": "8/9/2012 3:52:31 PM",
"covariance": [1.9128762568, -0.1669909723, 0.0000309856, -0.1669909723, 1.9011777086, -0.0002859106, 0.0000309856, -0.0002859106, 0.0000002221],
"ins": {"x": 24230.0000000000, "y": -30920.0000000000, "z": 1290.0000000000, "yaw": 5.6700000000, "roll": 6.2800000000, "pitch": 6.2800000000 },
"slam": {"x": 23992.6564807882, "y": -30972.0407129263, "yaw": 5.7132458366 },
"matches": 169.0000000000,
"groundtruth": {"x": 24230.0000000000, "y": -30900.0000000000, "z": 1720.0000000000, "yaw": -0.5700000000, "pitch": 0.0000000000, "roll": 0.0000000000 },
"extend": false
},
{
"time": "8/9/2012 3:52:33 PM",
"covariance": [8.2982074950, -15.4130950483, 0.0107218289, -15.4130950483, 29.9424192879, -0.0284103712, 0.0107218289, -0.0284103712, 0.0000194321],
"ins": {"x": 24220.0000000000, "y": -30920.0000000000, "z": 1300.0000000000, "yaw": 6.1000000000, "roll": 6.2800000000, "pitch": 6.2800000000 },
"slam": {"x": 23970.8122007161, "y": -31010.6108232120, "yaw": 6.1528665626 },
"matches": 148.0000000000,
"groundtruth": {"x": 24220.0000000000, "y": -30910.0000000000, "z": 1720.0000000000, "yaw": -0.1300000000, "pitch": 0.0000000000, "roll": 0.0000000000 },
"extend": true
},
{
"time": "8/9/2012 3:52:34 PM",
"covariance": [-26.3473971111, -6.0499671695, -0.0067503405, -6.0499671695, 30.8153432498, -0.0262817613, -0.0067503405, -0.0262817613, 0.0000193635],
"ins": {"x": 24230.0000000000, "y": -30920.0000000000, "z": 1300.0000000000, "yaw": 6.2800000000, "roll": 6.2800000000, "pitch": 0.0000000000 },
"slam": {"x": 23987.2042541684, "y": -31018.4897536262, "yaw": 6.2984227469 },
"matches": 151.0000000000,
"groundtruth": {"x": 24240.0000000000, "y": -30910.0000000000, "z": 1720.0000000000, "yaw": 0.0200000000, "pitch": 0.0000000000, "roll": 0.0000000000 },
"extend": false
},
{
"time": "8/9/2012 3:52:35 PM",
"covariance": [-23.1461024360, -3.8170322375, -0.0072897468, -3.8170322375, 31.6216146538, -0.0266888383, -0.0072897468, -0.0266888383, 0.0000200168],
"ins": {"x": 24240.0000000000, "y": -30920.0000000000, "z": 1300.0000000000, "yaw": 6.2800000000, "roll": 6.2800000000, "pitch": 0.0000000000 },
"slam": {"x": 23987.2404621852, "y": -31019.0864633171, "yaw": 6.2988167608 },
"matches": 153.0000000000,
"groundtruth": {"x": 24240.0000000000, "y": -30910.0000000000, "z": 1720.0000000000, "yaw": 0.0200000000, "pitch": 0.0000000000, "roll": 0.0000000000 },
"extend": false
},
{
"time": "8/9/2012 3:52:36 PM",
"covariance": [-46.5590581994, -9.8382600403, -0.0078651756, -9.8382600403, 39.5536026918, -0.0334271869, -0.0078651756, -0.0334271869, 0.0000247188],
"ins": {"x": 24230.0000000000, "y": -30920.0000000000, "z": 1300.0000000000, "yaw": 0.0800000000, "roll": 0.0000000000, "pitch": 6.2800000000 },
"slam": {"x": 23981.1638705596, "y": -31023.6587099459, "yaw": 0.0943588696 },
"matches": 151.0000000000,
"groundtruth": {"x": 24230.0000000000, "y": -30900.0000000000, "z": 1720.0000000000, "yaw": 0.1000000000, "pitch": 0.0000000000, "roll": 0.0000000000 },
"extend": false
},
{
"time": "8/9/2012 3:52:37 PM",
"covariance": [-67.4722589899, -27.6444616014, -0.0033535340, -27.6444616014, 75.5218580951, -0.0560776502, -0.0033535340, -0.0560776502, 0.0000359266],
"ins": {"x": 24240.0000000000, "y": -30910.0000000000, "z": 1300.0000000000, "yaw": 0.3700000000, "roll": 6.2800000000, "pitch": 6.2800000000 },
"slam": {"x": 24015.6061779385, "y": -31035.5590078370, "yaw": 0.4176743832 },
"matches": 133.0000000000,
"groundtruth": {"x": 24260.0000000000, "y": -30890.0000000000, "z": 1720.0000000000, "yaw": 0.4200000000, "pitch": 0.0000000000, "roll": 0.0000000000 },
"extend": true
},
{
"time": "8/9/2012 3:52:37 PM",
"covariance": [-16.7103657853, 33.5971073789, -0.0154224321, 33.5971073789, 58.6670095029, -0.0531355331, -0.0154224321, -0.0531355331, 0.0000449712],
"ins": {"x": 24320.0000000000, "y": -30870.0000000000, "z": 1290.0000000000, "yaw": 0.7100000000, "roll": 6.2800000000, "pitch": 6.2800000000 },
"slam": {"x": 24092.2796051731, "y": -31020.5001505191, "yaw": 0.7182981785 },
"matches": 142.0000000000,
"groundtruth": {"x": 24320.0000000000, "y": -30850.0000000000, "z": 1720.0000000000, "yaw": 0.7200000000, "pitch": 0.0000000000, "roll": 0.0000000000 },
"extend": false
},
{
"time": "8/9/2012 3:52:38 PM",
"covariance": [-6.6727578426, 30.4387442078, -0.0111481547, 30.4387442078, 96.7468731165, -0.0815867920, -0.0111481547, -0.0815867920, 0.0000620349],
"ins": {"x": 24340.0000000000, "y": -30870.0000000000, "z": 1290.0000000000, "yaw": 0.9000000000, "roll": 0.0000000000, "pitch": 0.0000000000 },
"slam": {"x": 24126.3380138440, "y": -31018.9589002942, "yaw": 0.9455229059 },
"matches": 132.0000000000,
"groundtruth": {"x": 24340.0000000000, "y": -30840.0000000000, "z": 1720.0000000000, "yaw": 0.9500000000, "pitch": 0.0000000000, "roll": 0.0000000000 },
"extend": true
},
{
"time": "8/9/2012 3:52:39 PM",
"covariance": [58.7540193974, 48.2693565644, -0.0023652674, 48.2693565644, 262.5574071139, -0.1857655211, -0.0023652674, -0.1857655211, 0.0001497163],
"ins": {"x": 24370.0000000000, "y": -30770.0000000000, "z": 1300.0000000000, "yaw": 1.3800000000, "roll": 6.2800000000, "pitch": 0.0000000000 },
"slam": {"x": 24187.7647674191, "y": -30770.9341538188, "yaw": 1.4050481077 },
"matches": 115.0000000000,
"groundtruth": {"x": 24370.0000000000, "y": -30760.0000000000, "z": 1720.0000000000, "yaw": 1.4100000000, "pitch": 0.0000000000, "roll": 0.0000000000 },
"extend": true
},
{
"time": "8/9/2012 3:52:40 PM",
"covariance": [72.4172337041, 39.8053830838, -0.0142474322, 39.8053830838, 104.6442138466, -0.1017268381, -0.0142474322, -0.1017268381, 0.0000911910],
"ins": {"x": 24370.0000000000, "y": -30830.0000000000, "z": 1290.0000000000, "yaw": 1.7400000000, "roll": 6.2800000000, "pitch": 6.2800000000 },
"slam": {"x": 24212.2759767714, "y": -30844.6879553599, "yaw": 1.7892900962 },
"matches": 121.0000000000,
"groundtruth": {"x": 24360.0000000000, "y": -30820.0000000000, "z": 1720.0000000000, "yaw": 1.7900000000, "pitch": 0.0000000000, "roll": 0.0000000000 },
"extend": false
},
{
"time": "8/9/2012 3:52:41 PM",
