{
"time": "7/4/2012 12:15:47 PM",
"covariance": [185.7050700160, 143.8524299760, -0.1315106779, 143.8524299760, 173.1849496936, -0.1525819887, -0.1315106779, -0.1525819887, 0.0001378642],
"ins": {"x": 21090.0000000000, "y": -20870.0000000000, "z": 1420.0000000000, "yaw": 1.5700000000, "roll": 0.0000000000, "pitch": 0.0000000000 },
"slam": {"x": 21100.0351599796, "y": -20857.7897690125, "yaw": 1.5698320983 },
"groundtruth": {"x": 21080.0000000000, "y": -20850.0000000000, "z": 1720.0000000000, "yaw": 1.5700000000, "pitch": 0.0000000000, "roll": 0.0000000000 },
"extend": true
},
{
"time": "7/4/2012 12:15:48 PM",
"covariance": [138.0526603203, 106.2818929226, -0.1046004188, 106.2818929226, 132.6240873207, -0.1267250021, -0.1046004188, -0.1267250021, 0.0001248917],
"ins": {"x": 21100.0000000000, "y": -20210.0000000000, "z": 1400.0000000000, "yaw": 1.6000000000, "roll": 6.2800000000, "pitch": 0.0100000000 },
"slam": {"x": 21089.9020339081, "y": -20217.1316630989, "yaw": 1.5990636353 },
"groundtruth": {"x": 21060.0000000000, "y": -20150.0000000000, "z": 1720.0000000000, "yaw": 1.6000000000, "pitch": 0.0100000000, "roll": 0.0000000000 },
"extend": true
},
{
"time": "7/4/2012 12:15:48 PM",
"covariance": [208.7143463759, 145.4698243457, -0.1348361833, 145.4698243457, 167.3986925258, -0.1508899423, -0.1348361833, -0.1508899423, 0.0001406260],
"ins": {"x": 21070.0000000000, "y": -19450.0000000000, "z": 1380.0000000000, "yaw": 1.6000000000, "roll": 6.2800000000, "pitch": 0.0200000000 },
"slam": {"x": 21078.1937987155, "y": -19453.7218530960, "yaw": 1.6010658602 },
"groundtruth": {"x": 21040.0000000000, "y": -19440.0000000000, "z": 1710.0000000000, "yaw": 1.6000000000, "pitch": 0.0200000000, "roll": 0.0000000000 },
"extend": true
},
{
"time": "7/4/2012 12:15:48 PM",
"covariance": [97.9373821405, 102.4116032587, -0.1041631951, 102.4116032587, 111.2033802610, -0.1130193552, -0.1041631951, -0.1130193552, 0.0001182248],
"ins": {"x": 21060.0000000000, "y": -18860.0000000000, "z": 1390.0000000000, "yaw": 1.6100000000, "roll": 0.0000000000, "pitch": 0.0200000000 },
"slam": {"x": 21053.3053972381, "y": -18859.9276576864, "yaw": 1.6212999680 },
"groundtruth": {"x": 21010.0000000000, "y": -18740.0000000000, "z": 1720.0000000000, "yaw": 1.6200000000, "pitch": 0.0100000000, "roll": 0.0000000000 },
"extend": true
},
{
"time": "7/4/2012 12:15:48 PM",
"covariance": [111.1339618885, 93.4680267328, -0.1062353276, 93.4680267328, 72.6546300548, -0.0936721337, -0.1062353276, -0.0936721337, 0.0001177863],
"ins": {"x": 21070.0000000000, "y": -18440.0000000000, "z": 1400.0000000000, "yaw": 1.5600000000, "roll": 0.0000000000, "pitch": 0.0000000000 },
"slam": {"x": 21037.5608088045, "y": -18436.8165736396, "yaw": 1.5657141196 },
"groundtruth": {"x": 20990.0000000000, "y": -18420.0000000000, "z": 1720.0000000000, "yaw": 1.5700000000, "pitch": 0.0000000000, "roll": 0.0000000000 },
"extend": true
},
{
"time": "7/4/2012 12:15:48 PM",
"covariance": [-18.8568241634, 86.2164029797, -0.0806574856, 86.2164029797, 27.1312248923, -0.0584498086, -0.0806574856, -0.0584498086, 0.0000938756],
"ins": {"x": 21060.0000000000, "y": -18470.0000000000, "z": 1390.0000000000, "yaw": 1.1800000000, "roll": 6.2800000000, "pitch": 0.0000000000 },
"slam": {"x": 20988.5754034080, "y": -18469.8701695636, "yaw": 1.1800993337 },
"groundtruth": {"x": 20970.0000000000, "y": -18460.0000000000, "z": 1720.0000000000, "yaw": 1.1800000000, "pitch": 0.0000000000, "roll": 0.0000000000 },
"extend": true
},
{
"time": "7/4/2012 12:15:48 PM",
"covariance": [24.7770889640, 10.0233664028, -0.0003898121, 10.0233664028, 4.9907780985, -0.0003275542, -0.0003898121, -0.0003275542, 0.0000004644],
"ins": {"x": 21050.0000000000, "y": -18480.0000000000, "z": 1390.0000000000, "yaw": 1.1800000000, "roll": 0.0000000000, "pitch": 0.0000000000 },
"slam": {"x": 20987.5012143414, "y": -18469.3211669991, "yaw": 1.1797032260 },
"groundtruth": {"x": 20970.0000000000, "y": -18470.0000000000, "z": 1720.0000000000, "yaw": 1.1800000000, "pitch": 0.0000000000, "roll": 0.0000000000 },
"extend": false
},
{
"time": "7/4/2012 12:15:49 PM",
"covariance": [278.8821086570, 244.2617738467, -0.2151905561, 244.2617738467, 230.5071980030, -0.2110801845, -0.2151905561, -0.2110801845, 0.0002034493],
"ins": {"x": 21220.0000000000, "y": -18030.0000000000, "z": 1420.0000000000, "yaw": 1.1900000000, "roll": 6.2800000000, "pitch": 0.0200000000 },
"slam": {"x": 21201.0706419419, "y": -18017.7764512600, "yaw": 1.1831023882 },
"groundtruth": {"x": 21180.0000000000, "y": -17930.0000000000, "z": 1720.0000000000, "yaw": 1.1900000000, "pitch": 0.0000000000, "roll": 0.0000000000 },
"extend": true
},
{
"time": "7/4/2012 12:15:49 PM",
"covariance": [120.4593949662, 167.3552745042, -0.1332835260, 167.3552745042, 234.3504810464, -0.1846741449, -0.1332835260, -0.1846741449, 0.0001513536],
"ins": {"x": 21520.0000000000, "y": -17290.0000000000, "z": 1450.0000000000, "yaw": 1.1800000000, "roll": 6.2800000000, "pitch": 0.0100000000 },
"slam": {"x": 21475.9232403675, "y": -17300.2685100775, "yaw": 1.1758604904 },
"groundtruth": {"x": 21450.0000000000, "y": -17270.0000000000, "z": 1720.0000000000, "yaw": 1.1800000000, "pitch": 0.0100000000, "roll": 0.0000000000 },
"extend": true
},
{
"time": "7/4/2012 12:15:49 PM",
"covariance": [48.5756725731, 26.5263811749, -0.0110375657, 26.5263811749, 86.6561365578, -0.0800977225, -0.0110375657, -0.0800977225, 0.0000782869],
"ins": {"x": 21610.0000000000, "y": -17020.0000000000, "z": 1440.0000000000, "yaw": 1.4700000000, "roll": 6.2800000000, "pitch": 0.0000000000 },
"slam": {"x": 21618.7898328886, "y": -17017.1132262262, "yaw": 1.5218325854 },
"groundtruth": {"x": 21560.0000000000, "y": -17010.0000000000, "z": 1720.0000000000, "yaw": 1.5300000000, "pitch": 0.0000000000, "roll": 0.0000000000 },
"extend": true
},
{
"time": "7/4/2012 12:15:49 PM",
"covariance": [40.5693910674, 17.9701518645, -0.0085157117, 17.9701518645, 29.2302631436, -0.0426128413, -0.0085157117, -0.0426128413, 0.0000529164],
"ins": {"x": 21610.0000000000, "y": -17020.0000000000, "z": 1440.0000000000, "yaw": 1.7200000000, "roll": 0.0000000000, "pitch": 0.0000000000 },
"slam": {"x": 21634.0540813520, "y": -17000.3889880978, "yaw": 1.7174202148 },
"groundtruth": {"x": 21560.0000000000, "y": -17010.0000000000, "z": 1720.0000000000, "yaw": 1.7200000000, "pitch": 0.0000000000, "roll": 0.0000000000 },
"extend": true
},
{
"time": "7/4/2012 12:15:49 PM",
"covariance": [42.8270510112, 6.8558713595, -0.0091505216, 6.8558713595, 13.9858335770, -0.0329861017, -0.0091505216, -0.0329861017, 0.0000504181],
"ins": {"x": 21610.0000000000, "y": -17030.0000000000, "z": 1440.0000000000, "yaw": 1.7200000000, "roll": 0.0000000000, "pitch": 0.0000000000 },
"slam": {"x": 21634.4632612210, "y": -17028.1596419366, "yaw": 1.7176759121 },
"groundtruth": {"x": 21560.0000000000, "y": -17010.0000000000, "z": 1720.0000000000, "yaw": 1.7200000000, "pitch": 0.0000000000, "roll": 0.0000000000 },
"extend": false
},
{
"time": "7/4/2012 12:15:50 PM",
"covariance": [51.4002862368, 15.8884611542, -0.0211002856, 15.8884611542, 72.4884173969, -0.0663348716, -0.0211002856, -0.0663348716, 0.0000641261],
"ins": {"x": 21560.0000000000, "y": -16390.0000000000, "z": 1430.0000000000, "yaw": 1.7000000000, "roll": 6.2800000000, "pitch": 0.0500000000 },
"slam": {"x": 21565.3035796350, "y": -16393.7785299076, "yaw": 1.6996847621 },
"groundtruth": {"x": 21480.0000000000, "y": -16350.0000000000, "z": 1710.0000000000, "yaw": 1.7000000000, "pitch": 0.0400000000, "roll": 0.0000000000 },
"extend": true
},
{
"time": "7/4/2012 12:15:50 PM",
"covariance": [52.9056482905, 25.7362246313, -0.0279995947, 25.7362246313, 76.0879112165, -0.0721270648, -0.0279995947, -0.0721270648, 0.0000705514],
"ins": {"x": 21490.0000000000, "y": -15790.0000000000, "z": 1420.0000000000, "yaw": 1.7000000000, "roll": 0.0000000000, "pitch": 0.0100000000 },
"slam": {"x": 21499.3680250164, "y": -15792.3036367316, "yaw": 1.6875244420 },
"groundtruth": {"x": 21410.0000000000, "y": -15770.0000000000, "z": 1720.0000000000, "yaw": 1.6900000000, "pitch": 0.0000000000, "roll": 0.0000000000 },
"extend": true
},
{
"time": "7/4/2012 12:15:50 PM",
"covariance": [60.8593275082, 25.7200669292, -0.0300095264, 25.7200669292, 20.1545611968, -0.0470151358, -0.0300095264, -0.0470151358, 0.0000659365],
"ins": {"x": 21490.0000000000, "y": -15800.0000000000, "z": 1420.0000000000, "yaw": 1.4700000000, "roll": 0.0000000000, "pitch": 0.0000000000 },
"slam": {"x": 21479.1813538250, "y": -15783.0363614889, "yaw": 1.4775302928 },
"groundtruth": {"x": 21400.0000000000, "y": -15780.0000000000, "z": 1720.0000000000, "yaw": 1.4800000000, "pitch": 0.0000000000, "roll": 0.0000000000 },
"extend": true
},
{
"time": "7/4/2012 12:15:50 PM",
"covariance": [62.1936216435, 53.1659284408, -0.0470695774, 53.1659284408, 45.5314288522, -0.0659328258, -0.0470695774, -0.0659328258, 0.0000849059],
"ins": {"x": 21500.0000000000, "y": -15780.0000000000, "z": 1420.0000000000, "yaw": 1.2100000000, "roll": 0.0000000000, "pitch": 0.0000000000 },
"slam": {"x": 21470.9597235409, "y": -15766.2854180734, "yaw": 1.1765591606 },
"groundtruth": {"x": 21420.0000000000, "y": -15750.0000000000, "z": 1720.0000000000, "yaw": 1.1800000000, "pitch": 0.0000000000, "roll": 0.0000000000 },
"extend": true
},
{
"time": "7/4/2012 12:15:50 PM",
"covariance": [-132.4074224089, -11.8849142344, -0.0779677425, -11.8849142344, 59.8163991976, -0.1042430441, -0.0779677425, -0.1042430441, 0.0001152109],
"ins": {"x": 21700.0000000000, "y": -15440.0000000000, "z": 1420.0000000000, "yaw": 1.0100000000, "roll": 0.0000000000, "pitch": 0.0100000000 },
"slam": {"x": 21666.1812961643, "y": -15426.7486635886, "yaw": 1.0170005296 },
"groundtruth": {"x": 21620.0000000000, "y": -15410.0000000000, "z": 1720.0000000000, "yaw": 1.0200000000, "pitch": 0.0000000000, "roll": 0.0000000000 },
"extend": true
},
{
"time": "7/4/2012 12:15:51 PM",
"covariance": [-120.0743490021, -94.4663873787, -0.0244888669, -94.4663873787, -17.8145977699, -0.0816530634, -0.0244888669, -0.0816530634, 0.0000745268],
"ins": {"x": 22050.0000000000, "y": -14890.0000000000, "z": 1430.0000000000, "yaw": 1.0100000000, "roll": 0.0000000000, "pitch": 0.0100000000 },
"slam": {"x": 22049.7972964426, "y": -14887.3127534223, "yaw": 1.0163637842 },
"groundtruth": {"x": 22000.0000000000, "y": -14800.0000000000, "z": 1720.0000000000, "yaw": 1.0200000000, "pitch": 0.0000000000, "roll": 0.0000000000 },
"extend": true
},
{
"time": "7/4/2012 12:15:51 PM",
"covariance": [-57.0522619096, -69.8133856899, 0.0002544895, -69.8133856899, -30.2929918457, -0.0362480718, 0.0002544895, -0.0362480718, 0.0000312868],
"ins": {"x": 22500.0000000000, "y": -14190.0000000000, "z": 1420.0000000000, "yaw": 1.0100000000, "roll": 0.0000000000, "pitch": 0.0100000000 },
"slam": {"x": 22440.2701560346, "y": -14188.0267246854, "yaw": 1.0098909691 },
"groundtruth": {"x": 22380.0000000000, "y": -14180.0000000000, "z": 1720.0000000000, "yaw": 1.0200000000, "pitch": 0.0000000000, "roll": 0.0000000000 },
"extend": true
},
{
"time": "7/4/2012 12:15:51 PM",
"covariance": [-42.5628025901, -48.1135719911, 0.0052286195, -48.1135719911, -26.2373541830, -0.0165743644, 0.0052286195, -0.0165743644, 0.0000215122],
"ins": {"x": 22660.0000000000, "y": -13890.0000000000, "z": 1430.0000000000, "yaw": 1.0100000000, "roll": 0.0000000000, "pitch": 0.0100000000 },
"slam": {"x": 22619.0381864675, "y": -13895.0950733321, "yaw": 1.0134470725 },
"groundtruth": {"x": 22550.0000000000, "y": -13890.0000000000, "z": 1720.0000000000, "yaw": 1.0200000000, "pitch": 0.0000000000, "roll": 0.0000000000 },
"extend": true
},
{
"time": "7/4/2012 12:15:51 PM",
"covariance": [16.5420051223, -5.1049398575, 0.0118104609, -5.1049398575, 7.4939799122, -0.0218913203, 0.0118104609, -0.0218913203, 0.0000401036],
"ins": {"x": 22660.0000000000, "y": -13890.0000000000, "z": 1430.0000000000, "yaw": 1.1000000000, "roll": 0.0000000000, "pitch": 0.0100000000 },
"slam": {"x": 22619.1590828934, "y": -13894.4778723471, "yaw": 1.1049644159 },
"groundtruth": {"x": 22550.0000000000, "y": -13900.0000000000, "z": 1720.0000000000, "yaw": 1.1100000000, "pitch": 0.0000000000, "roll": 0.0000000000 },
"extend": true
},
{
"time": "7/4/2012 12:15:51 PM",
"covariance": [41.9048756512, 8.4207796770, 0.0097906645, 8.4207796770, 8.8685478819, -0.0143298837, 0.0097906645, -0.0143298837, 0.0000241262],
"ins": {"x": 22650.0000000000, "y": -13940.0000000000, "z": 1430.0000000000, "yaw": 1.3800000000, "roll": 0.0000000000, "pitch": 0.0000000000 },
"slam": {"x": 22627.4218729357, "y": -13934.8799392814, "yaw": 1.3857440175 },
"groundtruth": {"x": 22530.0000000000, "y": -13960.0000000000, "z": 1720.0000000000, "yaw": 1.3900000000, "pitch": 0.0000000000, "roll": 0.0000000000 },
"extend": true
},
{
"time": "7/4/2012 12:15:52 PM",
"covariance": [39.0336251967, -3.1883983223, 0.0078167493, -3.1883983223, 3.6543983603, -0.0111589776, 0.0078167493, -0.0111589776, 0.0000191621],
"ins": {"x": 22650.0000000000, "y": -13950.0000000000, "z": 1430.0000000000, "yaw": 1.3800000000, "roll": 6.2800000000, "pitch": 0.0000000000 },
"slam": {"x": 22626.8420219480, "y": -13950.1036935640, "yaw": 1.3845805947 },
"groundtruth": {"x": 22530.0000000000, "y": -13960.0000000000, "z": 1720.0000000000, "yaw": 1.3900000000, "pitch": 0.0000000000, "roll": 0.0000000000 },
"extend": false
},
{
"time": "7/4/2012 12:15:52 PM",
"covariance": [37.6748284064, -3.5094587510, 0.0077522554, -3.5094587510, 3.6141587000, -0.0110663115, 0.0077522554, -0.0110663115, 0.0000190019],
"ins": {"x": 22650.0000000000, "y": -13960.0000000000, "z": 1430.0000000000, "yaw": 1.3800000000, "roll": 6.2800000000, "pitch": 0.0000000000 },
"slam": {"x": 22626.8661434938, "y": -13950.0541887081, "yaw": 1.3845909126 },
"groundtruth": {"x": 22530.0000000000, "y": -13960.0000000000, "z": 1720.0000000000, "yaw": 1.3900000000, "pitch": 0.0000000000, "roll": 0.0000000000 },
"extend": false
},
{
"time": "7/4/2012 12:15:52 PM",
"covariance": [39.0336251967, -3.1883983223, 0.0078167493, -3.1883983223, 3.6543983603, -0.0111589776, 0.0078167493, -0.0111589776, 0.0000191621],
"ins": {"x": 22650.0000000000, "y": -13960.0000000000, "z": 1430.0000000000, "yaw": 1.3800000000, "roll": 6.2800000000, "pitch": 0.0000000000 },
"slam": {"x": 22626.8420219480, "y": -13950.1036935640, "yaw": 1.3845805947 },
"groundtruth": {"x": 22530.0000000000, "y": -13960.0000000000, "z": 1720.0000000000, "yaw": 1.3900000000, "pitch": 0.0000000000, "roll": 0.0000000000 },
"extend": false
},
{
"time": "7/4/2012 12:15:52 PM",
"covariance": [39.0336251967, -3.1883983223, 0.0078167493, -3.1883983223, 3.6543983603, -0.0111589776, 0.0078167493, -0.0111589776, 0.0000191621],
"ins": {"x": 22650.0000000000, "y": -13960.0000000000, "z": 1430.0000000000, "yaw": 1.3800000000, "roll": 6.2800000000, "pitch": 0.0000000000 },
"slam": {"x": 22626.8420219480, "y": -13950.1036935640, "yaw": 1.3845805947 },
"groundtruth": {"x": 22530.0000000000, "y": -13960.0000000000, "z": 1720.0000000000, "yaw": 1.3900000000, "pitch": 0.0000000000, "roll": 0.0000000000 },
"extend": false
},
{
"time": "7/4/2012 12:15:52 PM",
"covariance": [39.0336251967, -3.1883983223, 0.0078167493, -3.1883983223, 3.6543983603, -0.0111589776, 0.0078167493, -0.0111589776, 0.0000191621],
"ins": {"x": 22650.0000000000, "y": -13960.0000000000, "z": 1430.0000000000, "yaw": 1.3800000000, "roll": 6.2800000000, "pitch": 0.0000000000 },
"slam": {"x": 22626.8420219480, "y": -13950.1036935640, "yaw": 1.3845805947 },
"groundtruth": {"x": 22530.0000000000, "y": -13960.0000000000, "z": 1720.0000000000, "yaw": 1.3900000000, "pitch": 0.0000000000, "roll": 0.0000000000 },
"extend": false
},
{
"time": "7/4/2012 12:15:53 PM",
"covariance": [48.9971029166, -3.4130296568, 0.0083033853, -3.4130296568, 11.0913871567, -0.0133600392, 0.0083033853, -0.0133600392, 0.0000154505],
"ins": {"x": 22730.0000000000, "y": -13520.0000000000, "z": 1440.0000000000, "yaw": 1.3600000000, "roll": 6.2800000000, "pitch": 0.0100000000 },
"slam": {"x": 22735.9683924873, "y": -13520.4317054466, "yaw": 1.3676907541 },
"groundtruth": {"x": 22640.0000000000, "y": -13450.0000000000, "z": 1720.0000000000, "yaw": 1.3700000000, "pitch": 0.0100000000, "roll": 0.0000000000 },
"extend": true
},
{
"time": "7/4/2012 12:15:53 PM",
"covariance": [82.1635371594, -4.6420000266, 0.0136207276, -4.6420000266, 25.9254255995, -0.0185922977, 0.0136207276, -0.0185922977, 0.0000169762],
"ins": {"x": 22870.0000000000, "y": -12740.0000000000, "z": 1430.0000000000, "yaw": 1.3500000000, "roll": 0.0000000000, "pitch": 0.0400000000 },
"slam": {"x": 22892.1422226835, "y": -12731.8445966429, "yaw": 1.3573139967 },
"groundtruth": {"x": 22780.0000000000, "y": -12750.0000000000, "z": 1710.0000000000, "yaw": 1.3600000000, "pitch": 0.0300000000, "roll": 0.0000000000 },
"extend": true
},
{
"time": "7/4/2012 12:15:53 PM",
"covariance": [65.5752513007, -1.6208816360, 0.0103570348, -1.6208816360, 11.6980497180, -0.0101354592, 0.0103570348, -0.0101354592, 0.0000110042],
"ins": {"x": 23000.0000000000, "y": -12110.0000000000, "z": 1430.0000000000, "yaw": 1.3500000000, "roll": 0.0000000000, "pitch": 0.0300000000 },
"slam": {"x": 23048.5558272870, "y": -12085.2716762948, "yaw": 1.3595828006 },
"groundtruth": {"x": 22930.0000000000, "y": -12070.0000000000, "z": 1720.0000000000, "yaw": 1.3600000000, "pitch": 0.0100000000, "roll": 0.0000000000 },
"extend": true
},
{
"time": "7/4/2012 12:15:53 PM",
"covariance": [34.6850244171, 1.7248193891, 0.0042268589, 1.7248193891, 2.7479763225, -0.0025349064, 0.0042268589, -0.0025349064, 0.0000042163],
"ins": {"x": 23060.0000000000, "y": -11910.0000000000, "z": 1440.0000000000, "yaw": 1.7800000000, "roll": 0.0000000000, "pitch": 0.0100000000 },
"slam": {"x": 23112.6312752878, "y": -11911.8309615978, "yaw": 1.7720606079 },
"groundtruth": {"x": 22950.0000000000, "y": -11930.0000000000, "z": 1720.0000000000, "yaw": 1.7800000000, "pitch": 0.0000000000, "roll": 0.0000000000 },
"extend": true
},
{
"time": "7/4/2012 12:15:53 PM",
"covariance": [17.0620220845, -5.8887495327, 0.0021898083, -5.8887495327, 2.6323503760, -0.0013491288, 0.0021898083, -0.0013491288, 0.0000022240],
"ins": {"x": 23060.0000000000, "y": -11920.0000000000, "z": 1440.0000000000, "yaw": 1.9300000000, "roll": 6.2800000000, "pitch": 0.0000000000 },
"slam": {"x": 23122.6302685329, "y": -11919.2460742810, "yaw": 1.9234744231 },
"groundtruth": {"x": 22950.0000000000, "y": -11930.0000000000, "z": 1720.0000000000, "yaw": 1.9300000000, "pitch": 0.0000000000, "roll": 0.0000000000 },
"extend": true
},
{
"time": "7/4/2012 12:15:54 PM",
"covariance": [10.6040499992, -6.8058654028, 0.0031932688, -6.8058654028, 4.3795930503, -0.0023531457, 0.0031932688, -0.0023531457, 0.0000034744],
"ins": {"x": 23060.0000000000, "y": -11920.0000000000, "z": 1440.0000000000, "yaw": 1.9300000000, "roll": 6.2800000000, "pitch": 0.0000000000 },
"slam": {"x": 23122.3163119748, "y": -11919.3544711777, "yaw": 1.9235042354 },
"groundtruth": {"x": 22950.0000000000, "y": -11930.0000000000, "z": 1720.0000000000, "yaw": 1.9300000000, "pitch": 0.0000000000, "roll": 0.0000000000 },
"extend": false
},
{
"time": "7/4/2012 12:15:54 PM",
"covariance": [10.6040499992, -6.8058654028, 0.0031932688, -6.8058654028, 4.3795930503, -0.0023531457, 0.0031932688, -0.0023531457, 0.0000034744],
"ins": {"x": 23060.0000000000, "y": -11920.0000000000, "z": 1440.0000000000, "yaw": 1.9300000000, "roll": 6.2800000000, "pitch": 0.0000000000 },
"slam": {"x": 23122.3163119748, "y": -11919.3544711777, "yaw": 1.9235042354 },
"groundtruth": {"x": 22950.0000000000, "y": -11930.0000000000, "z": 1720.0000000000, "yaw": 1.9300000000, "pitch": 0.0000000000, "roll": 0.0000000000 },
"extend": false
},
{
"time": "7/4/2012 12:15:54 PM",
"covariance": [75.0144455297, -34.0602131598, 0.0021945522, -34.0602131598, 20.9607191098, -0.0018785904, 0.0021945522, -0.0018785904, 0.0000016169],
"ins": {"x": 22850.0000000000, "y": -11290.0000000000, "z": 1450.0000000000, "yaw": 1.9200000000, "roll": 0.0000000000, "pitch": 0.0300000000 },
"slam": {"x": 22911.0906419779, "y": -11294.8535776122, "yaw": 1.9127890965 },
"groundtruth": {"x": 22730.0000000000, "y": -11320.0000000000, "z": 1710.0000000000, "yaw": 1.9200000000, "pitch": 0.0200000000, "roll": 0.0000000000 },
"extend": true
},
{
"time": "7/4/2012 12:15:54 PM",
"covariance": [72.2188189061, -39.1602908659, 0.0122839206, -39.1602908659, 31.9980771333, -0.0149981256, 0.0122839206, -0.0149981256, 0.0000128134],
"ins": {"x": 22620.0000000000, "y": -10690.0000000000, "z": 1470.0000000000, "yaw": 1.8900000000, "roll": 0.0000000000, "pitch": 0.0100000000 },
"slam": {"x": 22697.0088375631, "y": -10676.3217871429, "yaw": 1.8896185447 },
"groundtruth": {"x": 22510.0000000000, "y": -10640.0000000000, "z": 1720.0000000000, "yaw": 1.8900000000, "pitch": 0.0000000000, "roll": 0.0000000000 },
"extend": true
},
{
"time": "7/4/2012 12:15:54 PM",
"covariance": [64.9797324701, -39.2863115901, 0.0137726095, -39.2863115901, 39.6629752897, -0.0221516405, 0.0137726095, -0.0221516405, 0.0000198341],
"ins": {"x": 22390.0000000000, "y": -9980.0000000000, "z": 1450.0000000000, "yaw": 1.9000000000, "roll": 0.0000000000, "pitch": 0.0100000000 },
"slam": {"x": 22493.4774988859, "y": -9967.5034042207, "yaw": 1.8928161453 },
"groundtruth": {"x": 22290.0000000000, "y": -9970.0000000000, "z": 1720.0000000000, "yaw": 1.8900000000, "pitch": 0.0000000000, "roll": 0.0000000000 },
"extend": true
},
{
"time": "7/4/2012 12:15:55 PM",
"covariance": [24.5931532459, -16.6743877029, 0.0096200684, -16.6743877029, 26.3411862571, -0.0236041185, 0.0096200684, -0.0236041185, 0.0000265600],
"ins": {"x": 22260.0000000000, "y": -9590.0000000000, "z": 1460.0000000000, "yaw": 1.8900000000, "roll": 0.0000000000, "pitch": 0.0100000000 },
"slam": {"x": 22365.5555805797, "y": -9601.9536272291, "yaw": 1.8815294075 },
"groundtruth": {"x": 22160.0000000000, "y": -9570.0000000000, "z": 1720.0000000000, "yaw": 1.8800000000, "pitch": 0.0000000000, "roll": 0.0000000000 },
"extend": true
},
{
"time": "7/4/2012 12:15:55 PM",
"covariance": [36.0018910680, -21.8274813905, 0.0097935134, -21.8274813905, 21.3502678954, -0.0234848936, 0.0097935134, -0.0234848936, 0.0000353616],
"ins": {"x": 22260.0000000000, "y": -9590.0000000000, "z": 1460.0000000000, "yaw": 1.8900000000, "roll": 0.0000000000, "pitch": 0.0100000000 },
"slam": {"x": 22365.5616156417, "y": -9601.8593507775, "yaw": 1.8815498011 },
"groundtruth": {"x": 22160.0000000000, "y": -9570.0000000000, "z": 1720.0000000000, "yaw": 1.8800000000, "pitch": 0.0000000000, "roll": 0.0000000000 },
"extend": false
},
{
"time": "7/4/2012 12:15:55 PM",
"covariance": [36.0521229990, -21.9050956706, 0.0097992497, -21.9050956706, 21.3427064305, -0.0235023181, 0.0097992497, -0.0235023181, 0.0000353863],
"ins": {"x": 22260.0000000000, "y": -9590.0000000000, "z": 1460.0000000000, "yaw": 1.8900000000, "roll": 0.0000000000, "pitch": 0.0100000000 },
"slam": {"x": 22365.4431052033, "y": -9601.8782076492, "yaw": 1.8814921590 },
"groundtruth": {"x": 22160.0000000000, "y": -9570.0000000000, "z": 1720.0000000000, "yaw": 1.8800000000, "pitch": 0.0000000000, "roll": 0.0000000000 },
"extend": false
},
{
"time": "7/4/2012 12:15:55 PM",
"covariance": [36.1899779913, -22.0160829991, 0.0097941793, -22.0160829991, 21.3530621753, -0.0234849064, 0.0097941793, -0.0234849064, 0.0000353631],
"ins": {"x": 22260.0000000000, "y": -9590.0000000000, "z": 1460.0000000000, "yaw": 1.8900000000, "roll": 0.0000000000, "pitch": 0.0100000000 },
"slam": {"x": 22365.1699332616, "y": -9601.9769450795, "yaw": 1.8814563359 },
"groundtruth": {"x": 22160.0000000000, "y": -9570.0000000000, "z": 1720.0000000000, "yaw": 1.8800000000, "pitch": 0.0000000000, "roll": 0.0000000000 },
"extend": false
},
{
"time": "7/4/2012 12:15:55 PM",
"covariance": [36.5048830952, -22.0854438958, 0.0097998971, -22.0854438958, 21.3997006836, -0.0234882771, 0.0097998971, -0.0234882771, 0.0000353759],
"ins": {"x": 22260.0000000000, "y": -9590.0000000000, "z": 1460.0000000000, "yaw": 1.8900000000, "roll": 0.0000000000, "pitch": 0.0100000000 },
"slam": {"x": 22364.9571743225, "y": -9602.0176547211, "yaw": 1.8814769146 },
"groundtruth": {"x": 22160.0000000000, "y": -9570.0000000000, "z": 1720.0000000000, "yaw": 1.8800000000, "pitch": 0.0000000000, "roll": 0.0000000000 },
"extend": false
},
{
"time": "7/4/2012 12:15:56 PM",
"covariance": [36.4529418529, -21.6577617847, 0.0097859822, -21.6577617847, 21.4442713439, -0.0234484422, 0.0097859822, -0.0234484422, 0.0000353178],
"ins": {"x": 22260.0000000000, "y": -9590.0000000000, "z": 1460.0000000000, "yaw": 1.8900000000, "roll": 0.0000000000, "pitch": 0.0100000000 },
"slam": {"x": 22364.8966240014, "y": -9602.1315995030, "yaw": 1.8819497051 },
"groundtruth": {"x": 22160.0000000000, "y": -9570.0000000000, "z": 1720.0000000000, "yaw": 1.8800000000, "pitch": 0.0000000000, "roll": 0.0000000000 },
"extend": false
},
{
"time": "7/4/2012 12:15:56 PM",
"covariance": [38.9795798229, -22.3675660824, 0.0098802115, -22.3675660824, 21.7121091656, -0.0236813729, 0.0098802115, -0.0236813729, 0.0000356684],
"ins": {"x": 22260.0000000000, "y": -9590.0000000000, "z": 1460.0000000000, "yaw": 1.8900000000, "roll": 0.0000000000, "pitch": 0.0100000000 },
"slam": {"x": 22364.8503833105, "y": -9602.1570890464, "yaw": 1.8819833452 },
"groundtruth": {"x": 22160.0000000000, "y": -9570.0000000000, "z": 1720.0000000000, "yaw": 1.8800000000, "pitch": 0.0000000000, "roll": 0.0000000000 },
"extend": false
},
{
"time": "7/4/2012 12:15:56 PM",
"covariance": [38.9795798229, -22.3675660824, 0.0098802115, -22.3675660824, 21.7121091656, -0.0236813729, 0.0098802115, -0.0236813729, 0.0000356684],
"ins": {"x": 22260.0000000000, "y": -9590.0000000000, "z": 1460.0000000000, "yaw": 1.8900000000, "roll": 0.0000000000, "pitch": 0.0100000000 },
"slam": {"x": 22364.8503833105, "y": -9602.1570890464, "yaw": 1.8819833452 },
"groundtruth": {"x": 22160.0000000000, "y": -9570.0000000000, "z": 1720.0000000000, "yaw": 1.8800000000, "pitch": 0.0000000000, "roll": 0.0000000000 },
"extend": false
},
{
"time": "7/4/2012 12:15:56 PM",
"covariance": [40.1241260345, -22.8762128604, 0.0099055867, -22.8762128604, 21.7904934405, -0.0237395559, 0.0099055867, -0.0237395559, 0.0000357605],
"ins": {"x": 22260.0000000000, "y": -9590.0000000000, "z": 1460.0000000000, "yaw": 1.8900000000, "roll": 0.0000000000, "pitch": 0.0100000000 },
"slam": {"x": 22364.7459731715, "y": -9602.3277616422, "yaw": 1.8819701288 },
"groundtruth": {"x": 22160.0000000000, "y": -9570.0000000000, "z": 1720.0000000000, "yaw": 1.8800000000, "pitch": 0.0000000000, "roll": 0.0000000000 },
"extend": false
},
{
"time": "7/4/2012 12:15:56 PM",
"covariance": [51.9457571025, -18.5909596053, 0.0004418646, -18.5909596053, 24.4536167860, -0.0227313018, 0.0004418646, -0.0227313018, 0.0000272215],
"ins": {"x": 22260.0000000000, "y": -9540.0000000000, "z": 1460.0000000000, "yaw": 1.5400000000, "roll": 0.0000000000, "pitch": 0.0100000000 },
"slam": {"x": 22344.6430587335, "y": -9548.4544353815, "yaw": 1.5307473333 },
"groundtruth": {"x": 22170.0000000000, "y": -9530.0000000000, "z": 1720.0000000000, "yaw": 1.5300000000, "pitch": 0.0000000000, "roll": 0.0000000000 },
"extend": true
},
{
"time": "7/4/2012 12:15:57 PM",
"covariance": [45.7563599272, -3.6971788206, 0.0029352923, -3.6971788206, 13.8938155933, -0.0231671322, 0.0029352923, -0.0231671322, 0.0000338928],
"ins": {"x": 22260.0000000000, "y": -9580.0000000000, "z": 1460.0000000000, "yaw": 1.4100000000, "roll": 0.0000000000, "pitch": 0.0100000000 },
"slam": {"x": 22334.7183328385, "y": -9562.1592029160, "yaw": 1.3975570708 },
"groundtruth": {"x": 22170.0000000000, "y": -9560.0000000000, "z": 1720.0000000000, "yaw": 1.4000000000, "pitch": 0.0000000000, "roll": 0.0000000000 },
"extend": true
},
{
"time": "7/4/2012 12:15:57 PM",
"covariance": [41.2933116313, -0.5439328694, 0.0025312783, -0.5439328694, 11.0782293937, -0.0238671297, 0.0025312783, -0.0238671297, 0.0000385389],
"ins": {"x": 22260.0000000000, "y": -9580.0000000000, "z": 1460.0000000000, "yaw": 1.4000000000, "roll": 0.0000000000, "pitch": 0.0100000000 },
"slam": {"x": 22334.3808544954, "y": -9589.5734023923, "yaw": 1.3978600615 },
"groundtruth": {"x": 22170.0000000000, "y": -9570.0000000000, "z": 1720.0000000000, "yaw": 1.4000000000, "pitch": 0.0000000000, "roll": 0.0000000000 },
"extend": false
},
{
"time": "7/4/2012 12:15:57 PM",
"covariance": [35.7908070402, -7.7328911561, 0.0069788999, -7.7328911561, 18.7051335277, -0.0412551269, 0.0069788999, -0.0412551269, 0.0000660988],
"ins": {"x": 22260.0000000000, "y": -9580.0000000000, "z": 1460.0000000000, "yaw": 1.4000000000, "roll": 0.0000000000, "pitch": 0.0100000000 },
"slam": {"x": 22333.7704939279, "y": -9577.9323754554, "yaw": 1.3955498029 },
"groundtruth": {"x": 22170.0000000000, "y": -9570.0000000000, "z": 1720.0000000000, "yaw": 1.4000000000, "pitch": 0.0000000000, "roll": 0.0000000000 },
"extend": false
},
{
"time": "7/4/2012 12:15:57 PM",
"covariance": [42.4643266619, 0.3449213729, 0.0063392690, 0.3449213729, 32.5137209380, -0.0308924109, 0.0063392690, -0.0308924109, 0.0000328607],
"ins": {"x": 22330.0000000000, "y": -9050.0000000000, "z": 1470.0000000000, "yaw": 1.4300000000, "roll": 6.2800000000, "pitch": 0.0100000000 },
"slam": {"x": 22414.3626894499, "y": -9050.3893594847, "yaw": 1.4278534413 },
"groundtruth": {"x": 22240.0000000000, "y": -9020.0000000000, "z": 1720.0000000000, "yaw": 1.4300000000, "pitch": 0.0100000000, "roll": 0.0000000000 },
"extend": true
},
{
"time": "7/4/2012 12:15:57 PM",
"covariance": [54.2850117628, 3.0966778029, 0.0045592877, 3.0966778029, 19.2379869942, -0.0243459496, 0.0045592877, -0.0243459496, 0.0000325495],
"ins": {"x": 22370.0000000000, "y": -8740.0000000000, "z": 1470.0000000000, "yaw": 1.4500000000, "roll": 0.0000000000, "pitch": 0.0100000000 },
"slam": {"x": 22456.3284404202, "y": -8742.1401438699, "yaw": 1.4476551995 },
"groundtruth": {"x": 22280.0000000000, "y": -8720.0000000000, "z": 1720.0000000000, "yaw": 1.4500000000, "pitch": 0.0000000000, "roll": 0.0000000000 },
"extend": true
},
{
"time": "7/4/2012 12:15:58 PM",
"covariance": [57.2864549185, 2.0650526037, 0.0055185147, 2.0650526037, 8.0724177266, -0.0174802087, 0.0055185147, -0.0174802087, 0.0000291653],
"ins": {"x": 22360.0000000000, "y": -8710.0000000000, "z": 1470.0000000000, "yaw": 1.6100000000, "roll": 6.2800000000, "pitch": 0.0000000000 },
"slam": {"x": 22462.7868724179, "y": -8717.1414732555, "yaw": 1.6042949386 },
"groundtruth": {"x": 22270.0000000000, "y": -8690.0000000000, "z": 1720.0000000000, "yaw": 1.6100000000, "pitch": 0.0000000000, "roll": 0.0000000000 },
"extend": true
},
{
"time": "7/4/2012 12:15:58 PM",
"covariance": [50.8826447858, -9.7224048315, 0.0074531235, -9.7224048315, 9.7367247601, -0.0247955429, 0.0074531235, -0.0247955429, 0.0000469692],
"ins": {"x": 22360.0000000000, "y": -8710.0000000000, "z": 1470.0000000000, "yaw": 1.6100000000, "roll": 6.2800000000, "pitch": 0.0000000000 },
"slam": {"x": 22462.1238977329, "y": -8716.9281360939, "yaw": 1.6004760579 },
"groundtruth": {"x": 22270.0000000000, "y": -8690.0000000000, "z": 1720.0000000000, "yaw": 1.6000000000, "pitch": 0.0000000000, "roll": 0.0000000000 },
"extend": false
},
{
"time": "7/4/2012 12:15:58 PM",
"covariance": [52.4666886731, -9.8430005084, 0.0054967160, -9.8430005084, 27.2841445135, -0.0254528103, 0.0054967160, -0.0254528103, 0.0000282044],
"ins": {"x": 22350.0000000000, "y": -8090.0000000000, "z": 1460.0000000000, "yaw": 1.6100000000, "roll": 6.2800000000, "pitch": 0.0100000000 },
"slam": {"x": 22460.3095604754, "y": -8091.9732513109, "yaw": 1.5970820409 },
"groundtruth": {"x": 22260.0000000000, "y": -8070.0000000000, "z": 1720.0000000000, "yaw": 1.6000000000, "pitch": 0.0100000000, "roll": 0.0000000000 },
"extend": true
},
{
"time": "7/4/2012 12:15:58 PM",
"covariance": [51.5014309108, -6.9917093582, 0.0016422207, -6.9917093582, 28.6502249689, -0.0264120491, 0.0016422207, -0.0264120491, 0.0000293066],
"ins": {"x": 22340.0000000000, "y": -7440.0000000000, "z": 1480.0000000000, "yaw": 1.6000000000, "roll": 0.0000000000, "pitch": 0.0100000000 },
"slam": {"x": 22453.0602306669, "y": -7442.2556294306, "yaw": 1.5804731461 },
"groundtruth": {"x": 22240.0000000000, "y": -7360.0000000000, "z": 1720.0000000000, "yaw": 1.5800000000, "pitch": 0.0100000000, "roll": 0.0000000000 },
"extend": true
},
{
"time": "7/4/2012 12:15:58 PM",
"covariance": [8.9382213321, -3.5001412750, -0.0022659683, -3.5001412750, 31.3841631584, -0.0254882716, -0.0022659683, -0.0254882716, 0.0000249228],
"ins": {"x": 22330.0000000000, "y": -6670.0000000000, "z": 1490.0000000000, "yaw": 1.5800000000, "roll": 0.0000000000, "pitch": 0.0200000000 },
"slam": {"x": 22453.7398023917, "y": -6753.9662391089, "yaw": 1.5714164159 },
"groundtruth": {"x": 22240.0000000000, "y": -6670.0000000000, "z": 1720.0000000000, "yaw": 1.5700000000, "pitch": 0.0100000000, "roll": 0.0000000000 },
"extend": true
},
{
"time": "7/4/2012 12:15:59 PM",
"covariance": [59.7220592497, 20.6860523046, -0.0154056692, 20.6860523046, 61.0790997983, -0.0468746938, -0.0154056692, -0.0468746938, 0.0000419578],
"ins": {"x": 22320.0000000000, "y": -6030.0000000000, "z": 1500.0000000000, "yaw": 1.5900000000, "roll": 6.2800000000, "pitch": 0.0100000000 },
"slam": {"x": 22448.6406985470, "y": -6041.0677296478, "yaw": 1.5896043740 },
"groundtruth": {"x": 22220.0000000000, "y": -5960.0000000000, "z": 1720.0000000000, "yaw": 1.5900000000, "pitch": 0.0100000000, "roll": 0.0000000000 },
"extend": true
},
{
"time": "7/4/2012 12:15:59 PM",
"covariance": [-79.7556171840, 23.7397842326, -0.0073211929, 23.7397842326, 4.8899125534, -0.0093403169, -0.0073211929, -0.0093403169, 0.0000133577],
"ins": {"x": 22330.0000000000, "y": -5880.0000000000, "z": 1500.0000000000, "yaw": 1.6000000000, "roll": 0.0000000000, "pitch": 0.0100000000 },
"slam": {"x": 22447.4808728079, "y": -5948.4808671737, "yaw": 1.5932174175 },
"groundtruth": {"x": 22220.0000000000, "y": -5870.0000000000, "z": 1720.0000000000, "yaw": 1.5900000000, "pitch": 0.0000000000, "roll": 0.0000000000 },
"extend": false
},
{
"time": "7/4/2012 12:15:59 PM",
"covariance": [-77.5649241210, 23.9191388210, -0.0075244555, 23.9191388210, 4.9075054689, -0.0094679496, -0.0075244555, -0.0094679496, 0.0000136065],
"ins": {"x": 22330.0000000000, "y": -5880.0000000000, "z": 1500.0000000000, "yaw": 1.6000000000, "roll": 0.0000000000, "pitch": 0.0100000000 },
"slam": {"x": 22447.4667049690, "y": -5948.6493245556, "yaw": 1.5926673617 },
"groundtruth": {"x": 22220.0000000000, "y": -5870.0000000000, "z": 1720.0000000000, "yaw": 1.5900000000, "pitch": 0.0000000000, "roll": 0.0000000000 },
"extend": false
},
{
"time": "7/4/2012 12:15:59 PM",
"covariance": [-77.5119162208, 22.1332879807, -0.0062745339, 22.1332879807, 5.1561363492, -0.0090703449, -0.0062745339, -0.0090703449, 0.0000125282],
"ins": {"x": 22330.0000000000, "y": -5890.0000000000, "z": 1490.0000000000, "yaw": 1.6700000000, "roll": 0.0000000000, "pitch": 0.0100000000 },
"slam": {"x": 22459.1697985755, "y": -5954.8540827283, "yaw": 1.6677038565 },
"groundtruth": {"x": 22220.0000000000, "y": -5870.0000000000, "z": 1720.0000000000, "yaw": 1.6700000000, "pitch": 0.0000000000, "roll": 0.0000000000 },
"extend": false
},
{
"time": "7/4/2012 12:15:59 PM",
"covariance": [-75.7898353964, 20.9092983162, -0.0047531249, 20.9092983162, 9.1651109784, -0.0112564855, -0.0047531249, -0.0112564855, 0.0000125303],
"ins": {"x": 22340.0000000000, "y": -5890.0000000000, "z": 1490.0000000000, "yaw": 1.9800000000, "roll": 6.2800000000, "pitch": 0.0100000000 },
"slam": {"x": 22494.8900799349, "y": -5957.4124322010, "yaw": 1.9611120093 },
"groundtruth": {"x": 22240.0000000000, "y": -5880.0000000000, "z": 1720.0000000000, "yaw": 1.9600000000, "pitch": 0.0000000000, "roll": 0.0000000000 },
"extend": true
},
{
"time": "7/4/2012 12:16:00 PM",
"covariance": [-69.7436067634, 42.5017147102, -0.0024795910, 42.5017147102, -19.8461591053, -0.0068735693, -0.0024795910, -0.0068735693, 0.0000175940],
"ins": {"x": 22350.0000000000, "y": -5890.0000000000, "z": 1490.0000000000, "yaw": 1.9700000000, "roll": 6.2800000000, "pitch": 0.0100000000 },
"slam": {"x": 22496.1279131369, "y": -5958.4323272520, "yaw": 1.9615886666 },
"groundtruth": {"x": 22240.0000000000, "y": -5880.0000000000, "z": 1720.0000000000, "yaw": 1.9600000000, "pitch": 0.0000000000, "roll": 0.0000000000 },
"extend": false
},
{
"time": "7/4/2012 12:16:00 PM",
"covariance": [-70.4157065510, 42.4922993269, -0.0024638685, 42.4922993269, -19.6205490281, -0.0068285486, -0.0024638685, -0.0068285486, 0.0000175165],
"ins": {"x": 22350.0000000000, "y": -5900.0000000000, "z": 1490.0000000000, "yaw": 1.9700000000, "roll": 6.2800000000, "pitch": 0.0100000000 },
"slam": {"x": 22496.6518821390, "y": -5958.8532176622, "yaw": 1.9614059153 },
"groundtruth": {"x": 22240.0000000000, "y": -5880.0000000000, "z": 1720.0000000000, "yaw": 1.9600000000, "pitch": 0.0000000000, "roll": 0.0000000000 },
"extend": false
},
{
"time": "7/4/2012 12:16:00 PM",
"covariance": [-71.5434471191, 43.5512901226, -0.0024003370, 43.5512901226, -20.4864942145, -0.0066574064, -0.0024003370, -0.0066574064, 0.0000171029],
"ins": {"x": 22350.0000000000, "y": -5900.0000000000, "z": 1490.0000000000, "yaw": 1.9700000000, "roll": 6.2800000000, "pitch": 0.0100000000 },
"slam": {"x": 22497.2088465347, "y": -5959.1849269733, "yaw": 1.9614857634 },
"groundtruth": {"x": 22240.0000000000, "y": -5880.0000000000, "z": 1720.0000000000, "yaw": 1.9600000000, "pitch": 0.0000000000, "roll": 0.0000000000 },
"extend": false
},
{
"time": "7/4/2012 12:16:00 PM",
"covariance": [-37.8537417741, 22.7908638454, -0.0010893312, 22.7908638454, -9.5028076514, -0.0038062953, -0.0010893312, -0.0038062953, 0.0000096568],
"ins": {"x": 22340.0000000000, "y": -5890.0000000000, "z": 1490.0000000000, "yaw": 1.9900000000, "roll": 0.0000000000, "pitch": 0.0100000000 },
"slam": {"x": 22503.1187621877, "y": -5960.5456822863, "yaw": 2.0199699053 },
"groundtruth": {"x": 22240.0000000000, "y": -5890.0000000000, "z": 1720.0000000000, "yaw": 2.0200000000, "pitch": 0.0000000000, "roll": 0.0000000000 },
"extend": false
},
{
"time": "7/4/2012 12:16:01 PM",
"covariance": [-37.2569400927, 22.9686768230, 0.0002366156, 22.9686768230, -9.0983290218, -0.0058060436, 0.0002366156, -0.0058060436, 0.0000121955],
"ins": {"x": 22370.0000000000, "y": -5930.0000000000, "z": 1490.0000000000, "yaw": 2.2800000000, "roll": 0.0000000000, "pitch": 0.0100000000 },
"slam": {"x": 22540.4827466831, "y": -5983.8298183697, "yaw": 2.2743630442 },
"groundtruth": {"x": 22260.0000000000, "y": -5920.0000000000, "z": 1720.0000000000, "yaw": 2.2800000000, "pitch": 0.0000000000, "roll": 0.0000000000 },
"extend": true
},
{
"time": "7/4/2012 12:16:01 PM",
"covariance": [-27.6185335924, 31.2218671500, 0.0065625880, 31.2218671500, -30.8694693549, -0.0099192739, 0.0065625880, -0.0099192739, 0.0000166170],
"ins": {"x": 22350.0000000000, "y": -5920.0000000000, "z": 1490.0000000000, "yaw": 2.5400000000, "roll": 0.0000000000, "pitch": 0.0100000000 },
"slam": {"x": 22538.3309758524, "y": -5953.2721288044, "yaw": 2.6152279307 },
"groundtruth": {"x": 22240.0000000000, "y": -5910.0000000000, "z": 1720.0000000000, "yaw": 2.6200000000, "pitch": 0.0000000000, "roll": 0.0000000000 },
"extend": true
},
{
"time": "7/4/2012 12:16:01 PM",
