{
"time": "7/2/2012 3:28:55 PM",
"covariance": "[28.0647638547, -0.6254746956, 0.0002577949, -0.6254746956, 3.1709558998, -0.0013143458, 0.0002577949, -0.0013143458, 0.0000007479],",
"ins": {"x": 21090.0000000000, "y": -20870.0000000000, "z": 1420.0000000000, "yaw": 1.5700000000, "roll": 0.0000000000, "pitch": 0.0000000000 },
"slam": {"x": 21098.9534575230, "y": -20875.1672464121, "yaw": 1.5689218822 },
"groundtruth": {"x": 21080.0000000000, "y": -20850.0000000000, "z": 1720.0000000000, "yaw": 1.5700000000, "pitch": 0.0000000000, "roll": 0.0000000000 }
"extend": true
},
{
"time": "7/2/2012 3:28:55 PM",
"covariance": "[35.5957070295, 0.5688153126, -0.0000548369, 0.5688153126, 4.2015272129, -0.0019913529, -0.0000548369, -0.0019913529, 0.0000015081],",
"ins": {"x": 21100.0000000000, "y": -20210.0000000000, "z": 1400.0000000000, "yaw": 1.6000000000, "roll": 6.2800000000, "pitch": 0.0100000000 },
"slam": {"x": 21089.4077715783, "y": -20215.9966468431, "yaw": 1.5995281491 },
"groundtruth": {"x": 21060.0000000000, "y": -20150.0000000000, "z": 1720.0000000000, "yaw": 1.6000000000, "pitch": 0.0100000000, "roll": 0.0000000000 }
"extend": true
},
{
"time": "7/2/2012 3:28:55 PM",
"covariance": "[25.4967192382, -1.4086332671, 0.0002842109, -1.4086332671, 3.3669091995, -0.0014054508, 0.0002842109, -0.0014054508, 0.0000007971],",
"ins": {"x": 21070.0000000000, "y": -19450.0000000000, "z": 1380.0000000000, "yaw": 1.6000000000, "roll": 6.2800000000, "pitch": 0.0200000000 },
"slam": {"x": 21077.8104201278, "y": -19455.6342624553, "yaw": 1.6012880688 },
"groundtruth": {"x": 21040.0000000000, "y": -19440.0000000000, "z": 1710.0000000000, "yaw": 1.6000000000, "pitch": 0.0200000000, "roll": 0.0000000000 }
"extend": true
},
{
"time": "7/2/2012 3:28:55 PM",
"covariance": "[24.0216347650, -1.6388147195, 0.0003253509, -1.6388147195, 3.1685304397, -0.0014434671, 0.0003253509, -0.0014434671, 0.0000009427],",
"ins": {"x": 21060.0000000000, "y": -18860.0000000000, "z": 1390.0000000000, "yaw": 1.6100000000, "roll": 0.0000000000, "pitch": 0.0200000000 },
"slam": {"x": 21053.4476592021, "y": -18861.1563376623, "yaw": 1.6220964565 },
"groundtruth": {"x": 21010.0000000000, "y": -18740.0000000000, "z": 1720.0000000000, "yaw": 1.6200000000, "pitch": 0.0100000000, "roll": 0.0000000000 }
"extend": true
},
{
"time": "7/2/2012 3:28:55 PM",
"covariance": "[22.9545964076, -1.0222097408, 0.0003507622, -1.0222097408, 2.6336334994, -0.0013617826, 0.0003507622, -0.0013617826, 0.0000011790],",
"ins": {"x": 21070.0000000000, "y": -18440.0000000000, "z": 1400.0000000000, "yaw": 1.5600000000, "roll": 0.0000000000, "pitch": 0.0000000000 },
"slam": {"x": 21037.6260487898, "y": -18439.6479948735, "yaw": 1.5663320225 },
"groundtruth": {"x": 20990.0000000000, "y": -18420.0000000000, "z": 1720.0000000000, "yaw": 1.5700000000, "pitch": 0.0000000000, "roll": 0.0000000000 }
"extend": true
},
{
"time": "7/2/2012 3:28:56 PM",
"covariance": "[26.1499913104, 4.1950744068, 0.0011419799, 4.1950744068, 4.4155308733, -0.0005778829, 0.0011419799, -0.0005778829, 0.0000037607],",
"ins": {"x": 21060.0000000000, "y": -18470.0000000000, "z": 1390.0000000000, "yaw": 1.1800000000, "roll": 6.2800000000, "pitch": 0.0000000000 },
"slam": {"x": 20988.4102801724, "y": -18460.0181542987, "yaw": 1.1810861922 },
"groundtruth": {"x": 20970.0000000000, "y": -18460.0000000000, "z": 1720.0000000000, "yaw": 1.1800000000, "pitch": 0.0000000000, "roll": 0.0000000000 }
"extend": true
},
{
"time": "7/2/2012 3:28:56 PM",
"covariance": "[32.0795679969, 9.4093695616, -0.0003658271, 9.4093695616, 8.6065817694, -0.0024345573, -0.0003658271, -0.0024345573, 0.0000045411],",
"ins": {"x": 21050.0000000000, "y": -18480.0000000000, "z": 1390.0000000000, "yaw": 1.1800000000, "roll": 0.0000000000, "pitch": 0.0000000000 },
"slam": {"x": 21046.0037668691, "y": -18867.3914282090, "yaw": 1.2040516456 },
"groundtruth": {"x": 20970.0000000000, "y": -18470.0000000000, "z": 1720.0000000000, "yaw": 1.1800000000, "pitch": 0.0000000000, "roll": 0.0000000000 }
"extend": true
},
{
"time": "7/2/2012 3:28:56 PM",
"covariance": "[44.8059565904, 15.8178401953, -0.0003872432, 15.8178401953, 8.3424579328, -0.0010208598, -0.0003872432, -0.0010208598, 0.0000009011],",
"ins": {"x": 21220.0000000000, "y": -18030.0000000000, "z": 1420.0000000000, "yaw": 1.1900000000, "roll": 6.2800000000, "pitch": 0.0200000000 },
"slam": {"x": 21243.6996935917, "y": -18058.3962047745, "yaw": 1.2069863760 },
"groundtruth": {"x": 21180.0000000000, "y": -17930.0000000000, "z": 1720.0000000000, "yaw": 1.1900000000, "pitch": 0.0000000000, "roll": 0.0000000000 }
"extend": true
},
{
"time": "7/2/2012 3:28:56 PM",
"covariance": "[54.3482575978, 19.6875164726, -0.0003682798, 19.6875164726, 10.4564291507, -0.0012768414, -0.0003682798, -0.0012768414, 0.0000009109],",
"ins": {"x": 21520.0000000000, "y": -17290.0000000000, "z": 1450.0000000000, "yaw": 1.1800000000, "roll": 6.2800000000, "pitch": 0.0100000000 },
"slam": {"x": 21501.7111369807, "y": -17095.6528082275, "yaw": 1.1950078849 },
"groundtruth": {"x": 21450.0000000000, "y": -17270.0000000000, "z": 1720.0000000000, "yaw": 1.1800000000, "pitch": 0.0100000000, "roll": 0.0000000000 }
"extend": true
},
{
"time": "7/2/2012 3:28:56 PM",
"covariance": "[45.8419660780, 8.3263193158, 0.0006463334, 8.3263193158, 5.3039757008, -0.0016498143, 0.0006463334, -0.0016498143, 0.0000036590],",
"ins": {"x": 21610.0000000000, "y": -17020.0000000000, "z": 1440.0000000000, "yaw": 1.4700000000, "roll": 6.2800000000, "pitch": 0.0000000000 },
"slam": {"x": 21616.8111649977, "y": -17029.4826614078, "yaw": 1.5227094589 },
"groundtruth": {"x": 21560.0000000000, "y": -17010.0000000000, "z": 1720.0000000000, "yaw": 1.5300000000, "pitch": 0.0000000000, "roll": 0.0000000000 }
"extend": true
},
{
"time": "7/2/2012 3:28:57 PM",
"covariance": "[44.0246948366, 1.9293525805, 0.0001993856, 1.9293525805, 2.2701050873, -0.0008999771, 0.0001993856, -0.0008999771, 0.0000012399],",
"ins": {"x": 21610.0000000000, "y": -17020.0000000000, "z": 1440.0000000000, "yaw": 1.7200000000, "roll": 0.0000000000, "pitch": 0.0000000000 },
"slam": {"x": 21632.7907291268, "y": -17023.6245400282, "yaw": 1.7200992734 },
"groundtruth": {"x": 21560.0000000000, "y": -17010.0000000000, "z": 1720.0000000000, "yaw": 1.7200000000, "pitch": 0.0000000000, "roll": 0.0000000000 }
"extend": true
},
{
"time": "7/2/2012 3:28:57 PM",
"covariance": "[45.3130203728, -2.8327452797, -0.0013201110, -2.8327452797, 2.9967938868, -0.0010790348, -0.0013201110, -0.0010790348, 0.0000013159],",
"ins": {"x": 21610.0000000000, "y": -17030.0000000000, "z": 1440.0000000000, "yaw": 1.7200000000, "roll": 0.0000000000, "pitch": 0.0000000000 },
"slam": {"x": 21633.6812016435, "y": -17020.0439464976, "yaw": 1.7202660465 },
"groundtruth": {"x": 21560.0000000000, "y": -17010.0000000000, "z": 1720.0000000000, "yaw": 1.7200000000, "pitch": 0.0000000000, "roll": 0.0000000000 }
"extend": false
},
{
"time": "7/2/2012 3:28:57 PM",
"covariance": "[43.4583099127, -6.9552467144, 0.0001974672, -6.9552467144, 3.9942606171, -0.0012123350, 0.0001974672, -0.0012123350, 0.0000007229],",
"ins": {"x": 21560.0000000000, "y": -16390.0000000000, "z": 1430.0000000000, "yaw": 1.7000000000, "roll": 6.2800000000, "pitch": 0.0500000000 },
"slam": {"x": 21562.6915882121, "y": -16390.3799659202, "yaw": 1.7004352622 },
"groundtruth": {"x": 21480.0000000000, "y": -16350.0000000000, "z": 1710.0000000000, "yaw": 1.7000000000, "pitch": 0.0400000000, "roll": 0.0000000000 }
"extend": true
},
{
"time": "7/2/2012 3:28:57 PM",
"covariance": "[44.8766442877, -2.5853436497, -0.0008714251, -2.5853436497, 4.7974461893, -0.0020239171, -0.0008714251, -0.0020239171, 0.0000015229],",
"ins": {"x": 21490.0000000000, "y": -15790.0000000000, "z": 1420.0000000000, "yaw": 1.7000000000, "roll": 0.0000000000, "pitch": 0.0100000000 },
"slam": {"x": 21495.0321102073, "y": -15777.7627052717, "yaw": 1.6877273116 },
"groundtruth": {"x": 21410.0000000000, "y": -15770.0000000000, "z": 1720.0000000000, "yaw": 1.6900000000, "pitch": 0.0000000000, "roll": 0.0000000000 }
"extend": true
},
{
"time": "7/2/2012 3:28:57 PM",
"covariance": "[48.5808800267, -1.3127204204, -0.0018343594, -1.3127204204, 3.2719770759, -0.0014451518, -0.0018343594, -0.0014451518, 0.0000017677],",
"ins": {"x": 21490.0000000000, "y": -15800.0000000000, "z": 1420.0000000000, "yaw": 1.4700000000, "roll": 0.0000000000, "pitch": 0.0000000000 },
"slam": {"x": 21474.4686603416, "y": -15720.5793951723, "yaw": 1.4771540281 },
"groundtruth": {"x": 21400.0000000000, "y": -15780.0000000000, "z": 1720.0000000000, "yaw": 1.4800000000, "pitch": 0.0000000000, "roll": 0.0000000000 }
"extend": true
},
{
"time": "7/2/2012 3:28:58 PM",
"covariance": "[41.6475192489, 2.9316501905, -0.0001659449, 2.9316501905, 2.2537354438, -0.0005575681, -0.0001659449, -0.0005575681, 0.0000008996],",
"ins": {"x": 21500.0000000000, "y": -15780.0000000000, "z": 1420.0000000000, "yaw": 1.2100000000, "roll": 0.0000000000, "pitch": 0.0000000000 },
"slam": {"x": 21467.3313889595, "y": -15703.3156080083, "yaw": 1.1768837307 },
"groundtruth": {"x": 21420.0000000000, "y": -15750.0000000000, "z": 1720.0000000000, "yaw": 1.1800000000, "pitch": 0.0000000000, "roll": 0.0000000000 }
"extend": true
},
{
"time": "7/2/2012 3:28:58 PM",
"covariance": "[43.5685368245, 14.6810130021, -0.0002483228, 14.6810130021, 7.7436737374, -0.0006945734, -0.0002483228, -0.0006945734, 0.0000010561],",
"ins": {"x": 21700.0000000000, "y": -15440.0000000000, "z": 1420.0000000000, "yaw": 1.0100000000, "roll": 0.0000000000, "pitch": 0.0100000000 },
"slam": {"x": 21659.7777266634, "y": -15572.2561609754, "yaw": 1.0173144158 },
"groundtruth": {"x": 21620.0000000000, "y": -15410.0000000000, "z": 1720.0000000000, "yaw": 1.0200000000, "pitch": 0.0000000000, "roll": 0.0000000000 }
"extend": true
},
{
"time": "7/2/2012 3:28:58 PM",
"covariance": "[34.2699961202, 15.0945028231, 0.0002149637, 15.0945028231, 11.5445877824, -0.0015569479, 0.0002149637, -0.0015569479, 0.0000013046],",
"ins": {"x": 22050.0000000000, "y": -14890.0000000000, "z": 1430.0000000000, "yaw": 1.0100000000, "roll": 0.0000000000, "pitch": 0.0100000000 },
"slam": {"x": 22042.5286006487, "y": -15147.7615566317, "yaw": 1.0171120290 },
"groundtruth": {"x": 22000.0000000000, "y": -14800.0000000000, "z": 1720.0000000000, "yaw": 1.0200000000, "pitch": 0.0000000000, "roll": 0.0000000000 }
"extend": true
},
{
"time": "7/2/2012 3:28:58 PM",
"covariance": "[34.1269039873, 15.5061432422, -0.0003435632, 15.5061432422, 14.1226034045, -0.0027819586, -0.0003435632, -0.0027819586, 0.0000017790],",
"ins": {"x": 22500.0000000000, "y": -14190.0000000000, "z": 1420.0000000000, "yaw": 1.0100000000, "roll": 0.0000000000, "pitch": 0.0100000000 },
"slam": {"x": 22437.9482052269, "y": -14145.8693721361, "yaw": 1.0115837185 },
"groundtruth": {"x": 22380.0000000000, "y": -14180.0000000000, "z": 1720.0000000000, "yaw": 1.0200000000, "pitch": 0.0000000000, "roll": 0.0000000000 }
"extend": true
},
{
"time": "7/2/2012 3:28:59 PM",
"covariance": "[30.2973816991, 13.6928449876, -0.0003055640, 13.6928449876, 11.1832063393, -0.0021332061, -0.0003055640, -0.0021332061, 0.0000024095],",
"ins": {"x": 22660.0000000000, "y": -13890.0000000000, "z": 1430.0000000000, "yaw": 1.0100000000, "roll": 0.0000000000, "pitch": 0.0100000000 },
"slam": {"x": 22616.7327256853, "y": -13839.9842249203, "yaw": 1.0147578872 },
"groundtruth": {"x": 22550.0000000000, "y": -13890.0000000000, "z": 1720.0000000000, "yaw": 1.0200000000, "pitch": 0.0000000000, "roll": 0.0000000000 }
"extend": true
},
{
"time": "7/2/2012 3:28:59 PM",
"covariance": "[28.5621804807, 15.0480219931, -0.0004313255, 15.0480219931, 9.7091183717, -0.0007958781, -0.0004313255, -0.0007958781, 0.0000010391],",
"ins": {"x": 22660.0000000000, "y": -13890.0000000000, "z": 1430.0000000000, "yaw": 1.1000000000, "roll": 0.0000000000, "pitch": 0.0100000000 },
"slam": {"x": 22615.2712201917, "y": -13892.9288729740, "yaw": 1.1063577258 },
"groundtruth": {"x": 22550.0000000000, "y": -13900.0000000000, "z": 1720.0000000000, "yaw": 1.1100000000, "pitch": 0.0000000000, "roll": 0.0000000000 }
"extend": true
},
{
"time": "7/2/2012 3:28:59 PM",
"covariance": "[30.3115457221, 9.7938160843, 0.0012399403, 9.7938160843, 6.9965505086, -0.0011639360, 0.0012399403, -0.0011639360, 0.0000020621],",
"ins": {"x": 22650.0000000000, "y": -13940.0000000000, "z": 1430.0000000000, "yaw": 1.3800000000, "roll": 0.0000000000, "pitch": 0.0000000000 },
"slam": {"x": 22623.7962045407, "y": -13890.3842806025, "yaw": 1.3872504590 },
"groundtruth": {"x": 22530.0000000000, "y": -13960.0000000000, "z": 1720.0000000000, "yaw": 1.3900000000, "pitch": 0.0000000000, "roll": 0.0000000000 }
"extend": true
},
{
"time": "7/2/2012 3:28:59 PM",
"covariance": "[35.6142693970, 4.8062460441, 0.0004120534, 4.8062460441, 3.5187083550, -0.0011548352, 0.0004120534, -0.0011548352, 0.0000013588],",
"ins": {"x": 22650.0000000000, "y": -13950.0000000000, "z": 1430.0000000000, "yaw": 1.3800000000, "roll": 6.2800000000, "pitch": 0.0000000000 },
"slam": {"x": 22623.3122312592, "y": -13950.1533721141, "yaw": 1.3867025102 },
"groundtruth": {"x": 22530.0000000000, "y": -13960.0000000000, "z": 1720.0000000000, "yaw": 1.3900000000, "pitch": 0.0000000000, "roll": 0.0000000000 }
"extend": false
},
{
"time": "7/2/2012 3:28:59 PM",
"covariance": "[36.9609591091, 5.0952636287, 0.0001839530, 5.0952636287, 3.4017316756, -0.0010634786, 0.0001839530, -0.0010634786, 0.0000016877],",
"ins": {"x": 22650.0000000000, "y": -13960.0000000000, "z": 1430.0000000000, "yaw": 1.3800000000, "roll": 6.2800000000, "pitch": 0.0000000000 },
"slam": {"x": 22623.0741788789, "y": -13957.7267971840, "yaw": 1.3858056254 },
"groundtruth": {"x": 22530.0000000000, "y": -13960.0000000000, "z": 1720.0000000000, "yaw": 1.3900000000, "pitch": 0.0000000000, "roll": 0.0000000000 }
"extend": false
},
{
"time": "7/2/2012 3:29:00 PM",
"covariance": "[39.8497666544, 4.9570465231, 0.0004047990, 4.9570465231, 3.2902558475, -0.0010968759, 0.0004047990, -0.0010968759, 0.0000016146],",
"ins": {"x": 22650.0000000000, "y": -13960.0000000000, "z": 1430.0000000000, "yaw": 1.3800000000, "roll": 6.2800000000, "pitch": 0.0000000000 },
"slam": {"x": 22623.4462749598, "y": -13959.8034866270, "yaw": 1.3856757681 },
"groundtruth": {"x": 22530.0000000000, "y": -13960.0000000000, "z": 1720.0000000000, "yaw": 1.3900000000, "pitch": 0.0000000000, "roll": 0.0000000000 }
"extend": false
},
{
"time": "7/2/2012 3:29:00 PM",
"covariance": "[39.8497666544, 4.9570465231, 0.0004047990, 4.9570465231, 3.2902558475, -0.0010968759, 0.0004047990, -0.0010968759, 0.0000016146],",
"ins": {"x": 22650.0000000000, "y": -13960.0000000000, "z": 1430.0000000000, "yaw": 1.3800000000, "roll": 6.2800000000, "pitch": 0.0000000000 },
"slam": {"x": 22623.4462749598, "y": -13959.8034866270, "yaw": 1.3856757681 },
"groundtruth": {"x": 22530.0000000000, "y": -13960.0000000000, "z": 1720.0000000000, "yaw": 1.3900000000, "pitch": 0.0000000000, "roll": 0.0000000000 }
"extend": false
},
{
"time": "7/2/2012 3:29:00 PM",
"covariance": "[39.8497666544, 4.9570465231, 0.0004047990, 4.9570465231, 3.2902558475, -0.0010968759, 0.0004047990, -0.0010968759, 0.0000016146],",
"ins": {"x": 22650.0000000000, "y": -13960.0000000000, "z": 1430.0000000000, "yaw": 1.3800000000, "roll": 6.2800000000, "pitch": 0.0000000000 },
"slam": {"x": 22623.4462749598, "y": -13959.8034866270, "yaw": 1.3856757681 },
"groundtruth": {"x": 22530.0000000000, "y": -13960.0000000000, "z": 1720.0000000000, "yaw": 1.3900000000, "pitch": 0.0000000000, "roll": 0.0000000000 }
"extend": false
},
{
"time": "7/2/2012 3:29:00 PM",
"covariance": "[33.1928576879, 5.1251151650, -0.0001619582, 5.1251151650, 4.6541156847, -0.0017083164, -0.0001619582, -0.0017083164, 0.0000013295],",
"ins": {"x": 22730.0000000000, "y": -13520.0000000000, "z": 1440.0000000000, "yaw": 1.3600000000, "roll": 6.2800000000, "pitch": 0.0100000000 },
"slam": {"x": 22732.2065877871, "y": -13524.3920976696, "yaw": 1.3696874311 },
"groundtruth": {"x": 22640.0000000000, "y": -13450.0000000000, "z": 1720.0000000000, "yaw": 1.3700000000, "pitch": 0.0100000000, "roll": 0.0000000000 }
"extend": true
},
{
"time": "7/2/2012 3:29:00 PM",
"covariance": "[29.3973182478, 6.1089948090, -0.0005600677, 6.1089948090, 6.3688724857, -0.0024981304, -0.0005600677, -0.0024981304, 0.0000016201],",
"ins": {"x": 22870.0000000000, "y": -12740.0000000000, "z": 1430.0000000000, "yaw": 1.3500000000, "roll": 0.0000000000, "pitch": 0.0400000000 },
"slam": {"x": 22886.6785435328, "y": -12780.3563369606, "yaw": 1.3590224319 },
"groundtruth": {"x": 22780.0000000000, "y": -12750.0000000000, "z": 1710.0000000000, "yaw": 1.3600000000, "pitch": 0.0300000000, "roll": 0.0000000000 }
"extend": true
},
{
"time": "7/2/2012 3:29:01 PM",
"covariance": "[21.5712220636, 3.1027589402, 0.0000149165, 3.1027589402, 5.5789761617, -0.0025383912, 0.0000149165, -0.0025383912, 0.0000018433],",
"ins": {"x": 23000.0000000000, "y": -12110.0000000000, "z": 1430.0000000000, "yaw": 1.3500000000, "roll": 0.0000000000, "pitch": 0.0300000000 },
"slam": {"x": 23041.5333381268, "y": -12125.9534787267, "yaw": 1.3606932908 },
"groundtruth": {"x": 22930.0000000000, "y": -12070.0000000000, "z": 1720.0000000000, "yaw": 1.3600000000, "pitch": 0.0100000000, "roll": 0.0000000000 }
"extend": true
},
{
"time": "7/2/2012 3:29:01 PM",
"covariance": "[14.7245155029, 0.3469798161, -0.0015507076, 0.3469798161, 4.0460217058, -0.0021898972, -0.0015507076, -0.0021898972, 0.0000050454],",
"ins": {"x": 23060.0000000000, "y": -11910.0000000000, "z": 1440.0000000000, "yaw": 1.7800000000, "roll": 0.0000000000, "pitch": 0.0100000000 },
"slam": {"x": 23105.6233171379, "y": -11910.5961949227, "yaw": 1.7737189236 },
"groundtruth": {"x": 22950.0000000000, "y": -11930.0000000000, "z": 1720.0000000000, "yaw": 1.7800000000, "pitch": 0.0000000000, "roll": 0.0000000000 }
"extend": true
},
{
"time": "7/2/2012 3:29:01 PM",
"covariance": "[22.8603076793, -3.5186487335, -0.0006913790, -3.5186487335, 2.7352820541, -0.0006429677, -0.0006913790, -0.0006429677, 0.0000012353],",
"ins": {"x": 23060.0000000000, "y": -11920.0000000000, "z": 1440.0000000000, "yaw": 1.9300000000, "roll": 6.2800000000, "pitch": 0.0000000000 },
"slam": {"x": 23114.1814537180, "y": -11930.5676183107, "yaw": 1.9246968618 },
"groundtruth": {"x": 22950.0000000000, "y": -11930.0000000000, "z": 1720.0000000000, "yaw": 1.9300000000, "pitch": 0.0000000000, "roll": 0.0000000000 }
"extend": true
},
{
"time": "7/2/2012 3:29:01 PM",
"covariance": "[19.2765074716, -4.2225527968, -0.0010628562, -4.2225527968, 4.1250823267, -0.0008986534, -0.0010628562, -0.0008986534, 0.0000020645],",
"ins": {"x": 23060.0000000000, "y": -11920.0000000000, "z": 1440.0000000000, "yaw": 1.9300000000, "roll": 6.2800000000, "pitch": 0.0000000000 },
"slam": {"x": 23114.5365482492, "y": -11922.5276414639, "yaw": 1.9257112125 },
"groundtruth": {"x": 22950.0000000000, "y": -11930.0000000000, "z": 1720.0000000000, "yaw": 1.9300000000, "pitch": 0.0000000000, "roll": 0.0000000000 }
"extend": false
},
{
"time": "7/2/2012 3:29:01 PM",
"covariance": "[18.1774204904, -4.1105453793, -0.0007625807, -4.1105453793, 3.8027029286, -0.0006370959, -0.0007625807, -0.0006370959, 0.0000018810],",
"ins": {"x": 23060.0000000000, "y": -11920.0000000000, "z": 1440.0000000000, "yaw": 1.9300000000, "roll": 6.2800000000, "pitch": 0.0000000000 },
"slam": {"x": 23113.6430941612, "y": -11921.9614494688, "yaw": 1.9251497232 },
"groundtruth": {"x": 22950.0000000000, "y": -11930.0000000000, "z": 1720.0000000000, "yaw": 1.9300000000, "pitch": 0.0000000000, "roll": 0.0000000000 }
"extend": false
},
{
"time": "7/2/2012 3:29:02 PM",
"covariance": "[27.8536920761, -6.0507251983, -0.0011654713, -6.0507251983, 6.7389256097, -0.0018573825, -0.0011654713, -0.0018573825, 0.0000014699],",
"ins": {"x": 22850.0000000000, "y": -11290.0000000000, "z": 1450.0000000000, "yaw": 1.9200000000, "roll": 0.0000000000, "pitch": 0.0300000000 },
"slam": {"x": 22904.5178526834, "y": -11186.1554099811, "yaw": 1.9136763784 },
"groundtruth": {"x": 22730.0000000000, "y": -11320.0000000000, "z": 1710.0000000000, "yaw": 1.9200000000, "pitch": 0.0200000000, "roll": 0.0000000000 }
"extend": true
},
{
"time": "7/2/2012 3:29:02 PM",
"covariance": "[37.0000519979, -9.8051478931, -0.0008394863, -9.8051478931, 7.3669823670, -0.0017522393, -0.0008394863, -0.0017522393, 0.0000015092],",
"ins": {"x": 22620.0000000000, "y": -10690.0000000000, "z": 1470.0000000000, "yaw": 1.8900000000, "roll": 0.0000000000, "pitch": 0.0100000000 },
"slam": {"x": 22690.0754317007, "y": -10490.5730750184, "yaw": 1.8904038686 },
"groundtruth": {"x": 22510.0000000000, "y": -10640.0000000000, "z": 1720.0000000000, "yaw": 1.8900000000, "pitch": 0.0000000000, "roll": 0.0000000000 }
"extend": true
},
{
"time": "7/2/2012 3:29:02 PM",
"covariance": "[98.7741676408, -55.4611394985, 0.0078726590, -55.4611394985, 41.7896140707, -0.0087413463, 0.0078726590, -0.0087413463, 0.0000050039],",
"ins": {"x": 22390.0000000000, "y": -9980.0000000000, "z": 1450.0000000000, "yaw": 1.9000000000, "roll": 0.0000000000, "pitch": 0.0100000000 },
"slam": {"x": 22390.0000000000, "y": -9980.0000000000, "yaw": 1.8999999762 },
"groundtruth": {"x": 22290.0000000000, "y": -9970.0000000000, "z": 1720.0000000000, "yaw": 1.8900000000, "pitch": 0.0000000000, "roll": 0.0000000000 }
"extend": true
},
{
"time": "7/2/2012 3:29:02 PM",
"covariance": "[46.1926904151, -13.7916422549, -0.0001684288, -13.7916422549, 7.7892324273, -0.0013038324, -0.0001684288, -0.0013038324, 0.0000011580],",
"ins": {"x": 22260.0000000000, "y": -9590.0000000000, "z": 1460.0000000000, "yaw": 1.8900000000, "roll": 0.0000000000, "pitch": 0.0100000000 },
"slam": {"x": 22260.1160454038, "y": -9615.3047473089, "yaw": 1.8855220105 },
"groundtruth": {"x": 22160.0000000000, "y": -9570.0000000000, "z": 1720.0000000000, "yaw": 1.8800000000, "pitch": 0.0000000000, "roll": 0.0000000000 }
"extend": true
},
{
"time": "7/2/2012 3:29:03 PM",
"covariance": "[41.5275095314, -12.0077298290, -0.0005011542, -12.0077298290, 5.7982041529, -0.0006210790, -0.0005011542, -0.0006210790, 0.0000008040],",
"ins": {"x": 22260.0000000000, "y": -9590.0000000000, "z": 1460.0000000000, "yaw": 1.8900000000, "roll": 0.0000000000, "pitch": 0.0100000000 },
"slam": {"x": 22260.1777740630, "y": -9596.4988545187, "yaw": 1.8859587846 },
"groundtruth": {"x": 22160.0000000000, "y": -9570.0000000000, "z": 1720.0000000000, "yaw": 1.8800000000, "pitch": 0.0000000000, "roll": 0.0000000000 }
"extend": false
},
{
"time": "7/2/2012 3:29:03 PM",
"covariance": "[39.6657125378, -11.0602622609, -0.0008909485, -11.0602622609, 6.9920501922, -0.0017910295, -0.0008909485, -0.0017910295, 0.0000024022],",
"ins": {"x": 22260.0000000000, "y": -9540.0000000000, "z": 1460.0000000000, "yaw": 1.5400000000, "roll": 0.0000000000, "pitch": 0.0100000000 },
"slam": {"x": 22238.4733817767, "y": -9513.5562967301, "yaw": 1.5180338157 },
"groundtruth": {"x": 22170.0000000000, "y": -9530.0000000000, "z": 1720.0000000000, "yaw": 1.5300000000, "pitch": 0.0000000000, "roll": 0.0000000000 }
"extend": true
},
{
"time": "7/2/2012 3:29:03 PM",
"covariance": "[43.9768659325, 1.1586442568, -0.0006012725, 1.1586442568, 2.4271616319, -0.0011400698, -0.0006012725, -0.0011400698, 0.0000015149],",
"ins": {"x": 22260.0000000000, "y": -9580.0000000000, "z": 1460.0000000000, "yaw": 1.4100000000, "roll": 0.0000000000, "pitch": 0.0100000000 },
"slam": {"x": 22227.8422486377, "y": -9571.3855384550, "yaw": 1.3816523581 },
"groundtruth": {"x": 22170.0000000000, "y": -9560.0000000000, "z": 1720.0000000000, "yaw": 1.4000000000, "pitch": 0.0000000000, "roll": 0.0000000000 }
"extend": true
},
{
"time": "7/2/2012 3:29:03 PM",
"covariance": "[42.8808287951, 7.0344788523, -0.0003719667, 7.0344788523, 2.6701994665, -0.0007057979, -0.0003719667, -0.0007057979, 0.0000007388],",
"ins": {"x": 22260.0000000000, "y": -9580.0000000000, "z": 1460.0000000000, "yaw": 1.4000000000, "roll": 0.0000000000, "pitch": 0.0100000000 },
"slam": {"x": 22227.8376630396, "y": -9571.3637872826, "yaw": 1.3816643382 },
"groundtruth": {"x": 22170.0000000000, "y": -9570.0000000000, "z": 1720.0000000000, "yaw": 1.4000000000, "pitch": 0.0000000000, "roll": 0.0000000000 }
"extend": false
},
{
"time": "7/2/2012 3:29:04 PM",
"covariance": "[42.8691646406, 6.6398260362, -0.0003765589, 6.6398260362, 2.6914593121, -0.0007239101, -0.0003765589, -0.0007239101, 0.0000009253],",
"ins": {"x": 22260.0000000000, "y": -9580.0000000000, "z": 1460.0000000000, "yaw": 1.4000000000, "roll": 0.0000000000, "pitch": 0.0100000000 },
"slam": {"x": 22227.0233626421, "y": -9569.5386176426, "yaw": 1.3802074177 },
"groundtruth": {"x": 22170.0000000000, "y": -9570.0000000000, "z": 1720.0000000000, "yaw": 1.4000000000, "pitch": 0.0000000000, "roll": 0.0000000000 }
"extend": false
},
{
"time": "7/2/2012 3:29:04 PM",
"covariance": "[46.9443667051, 6.5025755002, 0.0007456002, 6.5025755002, 5.4057206162, -0.0021000116, 0.0007456002, -0.0021000116, 0.0000017402],",
"ins": {"x": 22330.0000000000, "y": -9050.0000000000, "z": 1470.0000000000, "yaw": 1.4300000000, "roll": 6.2800000000, "pitch": 0.0100000000 },
"slam": {"x": 22395.7937802352, "y": -9075.5745093588, "yaw": 1.4365207442 },
"groundtruth": {"x": 22240.0000000000, "y": -9020.0000000000, "z": 1720.0000000000, "yaw": 1.4300000000, "pitch": 0.0100000000, "roll": 0.0000000000 }
"extend": true
},
{
"time": "7/2/2012 3:29:04 PM",
"covariance": "[44.4983924906, 2.1485794219, 0.0002506015, 2.1485794219, 4.2689397623, -0.0022716142, 0.0002506015, -0.0022716142, 0.0000023468],",
"ins": {"x": 22370.0000000000, "y": -8740.0000000000, "z": 1470.0000000000, "yaw": 1.4500000000, "roll": 0.0000000000, "pitch": 0.0100000000 },
"slam": {"x": 22358.4582033126, "y": -8678.2241237635, "yaw": 1.4231467659 },
"groundtruth": {"x": 22280.0000000000, "y": -8720.0000000000, "z": 1720.0000000000, "yaw": 1.4500000000, "pitch": 0.0000000000, "roll": 0.0000000000 }
"extend": true
},
{
"time": "7/2/2012 3:29:04 PM",
"covariance": "[46.3603227349, 3.7024300975, 0.0003162890, 3.7024300975, 3.1112500693, -0.0011616388, 0.0003162890, -0.0011616388, 0.0000022417],",
"ins": {"x": 22360.0000000000, "y": -8710.0000000000, "z": 1470.0000000000, "yaw": 1.6100000000, "roll": 6.2800000000, "pitch": 0.0000000000 },
"slam": {"x": 22368.2107370280, "y": -8672.1757616458, "yaw": 1.5851279972 },
"groundtruth": {"x": 22270.0000000000, "y": -8690.0000000000, "z": 1720.0000000000, "yaw": 1.6100000000, "pitch": 0.0000000000, "roll": 0.0000000000 }
"extend": true
},
{
"time": "7/2/2012 3:29:04 PM",
"covariance": "[48.1187158774, -1.5057971237, 0.0000291029, -1.5057971237, 2.3889439802, -0.0009956795, 0.0000291029, -0.0009956795, 0.0000015804],",
"ins": {"x": 22360.0000000000, "y": -8710.0000000000, "z": 1470.0000000000, "yaw": 1.6100000000, "roll": 6.2800000000, "pitch": 0.0000000000 },
"slam": {"x": 22363.9963429314, "y": -8683.8265650060, "yaw": 1.5750108667 },
"groundtruth": {"x": 22270.0000000000, "y": -8690.0000000000, "z": 1720.0000000000, "yaw": 1.6000000000, "pitch": 0.0000000000, "roll": 0.0000000000 }
"extend": false
},
{
"time": "7/2/2012 3:29:05 PM",
"covariance": "[52.4338099174, -2.5016198614, -0.0002588320, -2.5016198614, 4.4425407875, -0.0019163502, -0.0002588320, -0.0019163502, 0.0000014634],",
"ins": {"x": 22350.0000000000, "y": -8090.0000000000, "z": 1460.0000000000, "yaw": 1.6100000000, "roll": 6.2800000000, "pitch": 0.0100000000 },
"slam": {"x": 22374.1460603403, "y": -8051.0724676862, "yaw": 1.5697862005 },
"groundtruth": {"x": 22260.0000000000, "y": -8070.0000000000, "z": 1720.0000000000, "yaw": 1.6000000000, "pitch": 0.0100000000, "roll": 0.0000000000 }
"extend": true
},
{
"time": "7/2/2012 3:29:05 PM",
"covariance": "[53.5336912334, -2.7630773706, 0.0000901691, -2.7630773706, 4.5167608024, -0.0020459331, 0.0000901691, -0.0020459331, 0.0000016010],",
"ins": {"x": 22340.0000000000, "y": -7440.0000000000, "z": 1480.0000000000, "yaw": 1.6000000000, "roll": 0.0000000000, "pitch": 0.0100000000 },
"slam": {"x": 22384.7113273647, "y": -7406.3019203670, "yaw": 1.5501153982 },
"groundtruth": {"x": 22240.0000000000, "y": -7360.0000000000, "z": 1720.0000000000, "yaw": 1.5800000000, "pitch": 0.0100000000, "roll": 0.0000000000 }
"extend": true
},
{
"time": "7/2/2012 3:29:05 PM",
"covariance": "[39.9160744230, -5.9086336565, 0.0029993999, -5.9086336565, 8.9932024656, -0.0040514794, 0.0029993999, -0.0040514794, 0.0000024879],",
"ins": {"x": 22330.0000000000, "y": -6670.0000000000, "z": 1490.0000000000, "yaw": 1.5800000000, "roll": 0.0000000000, "pitch": 0.0200000000 },
"slam": {"x": 22416.9356428594, "y": -6647.2658055691, "yaw": 1.5542954757 },
"groundtruth": {"x": 22240.0000000000, "y": -6670.0000000000, "z": 1720.0000000000, "yaw": 1.5700000000, "pitch": 0.0100000000, "roll": 0.0000000000 }
"extend": true
},
{
"time": "7/2/2012 3:29:05 PM",
"covariance": "[69.3624125978, 0.9384294313, -0.0015059735, 0.9384294313, 6.6995640874, -0.0029076747, -0.0015059735, -0.0029076747, 0.0000021048],",
"ins": {"x": 22320.0000000000, "y": -6030.0000000000, "z": 1500.0000000000, "yaw": 1.5900000000, "roll": 6.2800000000, "pitch": 0.0100000000 },
"slam": {"x": 22442.2076685557, "y": -5953.1917821472, "yaw": 1.5884295772 },
"groundtruth": {"x": 22220.0000000000, "y": -5960.0000000000, "z": 1720.0000000000, "yaw": 1.5900000000, "pitch": 0.0100000000, "roll": 0.0000000000 }
"extend": true
},
{
"time": "7/2/2012 3:29:05 PM",
"covariance": "[65.2542415523, -0.9783151004, -0.0011110109, -0.9783151004, 6.0894775530, -0.0017197657, -0.0011110109, -0.0017197657, 0.0000027457],",
"ins": {"x": 22330.0000000000, "y": -5880.0000000000, "z": 1500.0000000000, "yaw": 1.6000000000, "roll": 0.0000000000, "pitch": 0.0100000000 },
"slam": {"x": 22428.8213658897, "y": -5847.1136770962, "yaw": 1.6350520645 },
"groundtruth": {"x": 22220.0000000000, "y": -5870.0000000000, "z": 1720.0000000000, "yaw": 1.5900000000, "pitch": 0.0000000000, "roll": 0.0000000000 }
"extend": false
},
{
"time": "7/2/2012 3:29:06 PM",
"covariance": "[61.8514690350, -0.3731355720, -0.0013773586, -0.3731355720, 5.3314586956, -0.0010887122, -0.0013773586, -0.0010887122, 0.0000028933],",
"ins": {"x": 22330.0000000000, "y": -5880.0000000000, "z": 1500.0000000000, "yaw": 1.6000000000, "roll": 0.0000000000, "pitch": 0.0100000000 },
"slam": {"x": 22427.6151443527, "y": -5868.7925425236, "yaw": 1.6296442729 },
"groundtruth": {"x": 22220.0000000000, "y": -5870.0000000000, "z": 1720.0000000000, "yaw": 1.5900000000, "pitch": 0.0000000000, "roll": 0.0000000000 }
"extend": false
},
{
"time": "7/2/2012 3:29:06 PM",
"covariance": "[55.3105786741, -2.8460434630, 0.0020269986, -2.8460434630, 4.9236370580, -0.0012666659, 0.0020269986, -0.0012666659, 0.0000028159],",
"ins": {"x": 22330.0000000000, "y": -5890.0000000000, "z": 1490.0000000000, "yaw": 1.6700000000, "roll": 0.0000000000, "pitch": 0.0100000000 },
"slam": {"x": 22441.9570867059, "y": -5942.6774684055, "yaw": 1.6889033059 },
"groundtruth": {"x": 22220.0000000000, "y": -5870.0000000000, "z": 1720.0000000000, "yaw": 1.6700000000, "pitch": 0.0000000000, "roll": 0.0000000000 }
"extend": true
},
{
"time": "7/2/2012 3:29:06 PM",
"covariance": "[45.9296195159, -6.3090762047, 0.0012340618, -6.3090762047, 4.2912549865, -0.0011603330, 0.0012340618, -0.0011603330, 0.0000012493],",
"ins": {"x": 22340.0000000000, "y": -5890.0000000000, "z": 1490.0000000000, "yaw": 1.9800000000, "roll": 6.2800000000, "pitch": 0.0100000000 },
"slam": {"x": 22486.7697345079, "y": -5893.5398250614, "yaw": 1.9593210997 },
"groundtruth": {"x": 22240.0000000000, "y": -5880.0000000000, "z": 1720.0000000000, "yaw": 1.9600000000, "pitch": 0.0000000000, "roll": 0.0000000000 }
"extend": true
},
{
"time": "7/2/2012 3:29:06 PM",
"covariance": "[61.5838356339, -19.4895020313, -0.0009815179, -19.4895020313, 11.2758419192, -0.0006644889, -0.0009815179, -0.0006644889, 0.0000025142],",
"ins": {"x": 22350.0000000000, "y": -5890.0000000000, "z": 1490.0000000000, "yaw": 1.9700000000, "roll": 6.2800000000, "pitch": 0.0100000000 },
"slam": {"x": 22489.0497441852, "y": -5850.6488204705, "yaw": 1.9600839416 },
"groundtruth": {"x": 22240.0000000000, "y": -5880.0000000000, "z": 1720.0000000000, "yaw": 1.9600000000, "pitch": 0.0000000000, "roll": 0.0000000000 }
"extend": false
},
{
"time": "7/2/2012 3:29:07 PM",
"covariance": "[17.8046166793, -7.8152811022, 0.0014176011, -7.8152811022, 6.5362465707, -0.0014234537, 0.0014176011, -0.0014234537, 0.0000008672],",
"ins": {"x": 22350.0000000000, "y": -5900.0000000000, "z": 1490.0000000000, "yaw": 1.9700000000, "roll": 6.2800000000, "pitch": 0.0100000000 },
"slam": {"x": 22487.5365792892, "y": -5894.1389090508, "yaw": 1.9597631504 },
"groundtruth": {"x": 22240.0000000000, "y": -5880.0000000000, "z": 1720.0000000000, "yaw": 1.9600000000, "pitch": 0.0000000000, "roll": 0.0000000000 }
"extend": false
},
{
"time": "7/2/2012 3:29:07 PM",
"covariance": "[66.3197647930, -17.9658536575, -0.0030853268, -17.9658536575, 12.4484878516, -0.0009202181, -0.0030853268, -0.0009202181, 0.0000029330],",
"ins": {"x": 22350.0000000000, "y": -5900.0000000000, "z": 1490.0000000000, "yaw": 1.9700000000, "roll": 6.2800000000, "pitch": 0.0100000000 },
"slam": {"x": 22459.8236023869, "y": -5905.9610261313, "yaw": 1.9464944577 },
"groundtruth": {"x": 22240.0000000000, "y": -5880.0000000000, "z": 1720.0000000000, "yaw": 1.9600000000, "pitch": 0.0000000000, "roll": 0.0000000000 }
"extend": false
},
{
"time": "7/2/2012 3:29:07 PM",
"covariance": "[77.4605720632, -22.1258568180, -0.0014621243, -22.1258568180, 11.6735146141, -0.0004852578, -0.0014621243, -0.0004852578, 0.0000021752],",
"ins": {"x": 22340.0000000000, "y": -5890.0000000000, "z": 1490.0000000000, "yaw": 1.9900000000, "roll": 0.0000000000, "pitch": 0.0100000000 },
"slam": {"x": 22495.6657873788, "y": -5823.4935153160, "yaw": 2.0188076581 },
"groundtruth": {"x": 22240.0000000000, "y": -5890.0000000000, "z": 1720.0000000000, "yaw": 2.0200000000, "pitch": 0.0000000000, "roll": 0.0000000000 }
"extend": false
},
{
"time": "7/2/2012 3:29:07 PM",
"covariance": "[49.9630027308, -16.4360037276, 0.0022431371, -16.4360037276, 14.9190206568, -0.0030684716, 0.0022431371, -0.0030684716, 0.0000032609],",
"ins": {"x": 22370.0000000000, "y": -5930.0000000000, "z": 1490.0000000000, "yaw": 2.2800000000, "roll": 0.0000000000, "pitch": 0.0100000000 },
"slam": {"x": 22508.3219584025, "y": -5788.5548681578, "yaw": 2.2566154584 },
"groundtruth": {"x": 22260.0000000000, "y": -5920.0000000000, "z": 1720.0000000000, "yaw": 2.2800000000, "pitch": 0.0000000000, "roll": 0.0000000000 }
"extend": true
},
{
"time": "7/2/2012 3:29:07 PM",
"covariance": "[23.1839219692, -15.3206898635, 0.0055314634, -15.3206898635, 21.3902241693, -0.0055017566, 0.0055314634, -0.0055017566, 0.0000027995],",
"ins": {"x": 22350.0000000000, "y": -5920.0000000000, "z": 1490.0000000000, "yaw": 2.5400000000, "roll": 0.0000000000, "pitch": 0.0100000000 },
"slam": {"x": 22497.8554762475, "y": -5792.0222209333, "yaw": 2.5861221795 },
"groundtruth": {"x": 22240.0000000000, "y": -5910.0000000000, "z": 1720.0000000000, "yaw": 2.6200000000, "pitch": 0.0000000000, "roll": 0.0000000000 }
"extend": true
},
{
"time": "7/2/2012 3:29:08 PM",
"covariance": "[47.0939268023, -66.4802356218, -0.0015583739, -66.4802356218, 139.7418488824, -0.0050179803, -0.0015583739, -0.0050179803, 0.0000023276],",
"ins": {"x": 22300.0000000000, "y": -5910.0000000000, "z": 1490.0000000000, "yaw": 2.9500000000, "roll": 0.0000000000, "pitch": 0.0100000000 },
"slam": {"x": 22434.7256634965, "y": -5988.7714893081, "yaw": 2.9179739025 },
"groundtruth": {"x": 22180.0000000000, "y": -5890.0000000000, "z": 1720.0000000000, "yaw": 2.9600000000, "pitch": 0.0000000000, "roll": 0.0000000000 }
"extend": true
},
{
"time": "7/2/2012 3:29:08 PM",
"covariance": "[10.4256254308, -6.8496358940, 0.0002846878, -6.8496358940, 61.9410989441, -0.0064568238, 0.0002846878, -0.0064568238, 0.0000019435],",
"ins": {"x": 22280.0000000000, "y": -5910.0000000000, "z": 1490.0000000000, "yaw": 3.0500000000, "roll": 0.0000000000, "pitch": 0.0100000000 },
"slam": {"x": 22395.2593001225, "y": -5953.4137628200, "yaw": 3.0833038319 },
"groundtruth": {"x": 22170.0000000000, "y": -5890.0000000000, "z": 1720.0000000000, "yaw": 3.0600000000, "pitch": 0.0000000000, "roll": 0.0000000000 }
"extend": true
},
{
"time": "7/2/2012 3:29:08 PM",
"covariance": "[6.9634224287, -4.7207533619, 0.0002652115, -4.7207533619, 59.1501722541, -0.0047263414, 0.0002652115, -0.0047263414, 0.0000018479],",
"ins": {"x": 22270.0000000000, "y": -5900.0000000000, "z": 1490.0000000000, "yaw": 3.0500000000, "roll": 0.0000000000, "pitch": 0.0100000000 },
"slam": {"x": 22325.4054158867, "y": -5859.9888166554, "yaw": 3.0631491265 },
"groundtruth": {"x": 22160.0000000000, "y": -5890.0000000000, "z": 1720.0000000000, "yaw": 3.0600000000, "pitch": 0.0000000000, "roll": 0.0000000000 }
"extend": false
},
{
"time": "7/2/2012 3:29:08 PM",
"covariance": "[11.1444242258, -6.2361975496, 0.0005953466, -6.2361975496, 62.9641812588, -0.0074929203, 0.0005953466, -0.0074929203, 0.0000025280],",
"ins": {"x": 22270.0000000000, "y": -5910.0000000000, "z": 1490.0000000000, "yaw": 3.1100000000, "roll": 0.0000000000, "pitch": 0.0100000000 },
"slam": {"x": 22317.3843662088, "y": -5779.5261653556, "yaw": 3.1577498905 },
"groundtruth": {"x": 22150.0000000000, "y": -5890.0000000000, "z": 1720.0000000000, "yaw": -3.1300000000, "pitch": 0.0000000000, "roll": 0.0000000000 }
"extend": false
},
{
"time": "7/2/2012 3:29:08 PM",
"covariance": "[33.0260191341, -42.5256084109, 0.0123239364, -42.5256084109, 126.9160333182, -0.0231439219, 0.0123239364, -0.0231439219, 0.0000080901],",
"ins": {"x": 22300.0000000000, "y": -5890.0000000000, "z": 1490.0000000000, "yaw": 3.4200000000, "roll": 0.0000000000, "pitch": 0.0100000000 },
"slam": {"x": 22366.1537844897, "y": -5870.6645223194, "yaw": 3.4379872159 },
"groundtruth": {"x": 22190.0000000000, "y": -5880.0000000000, "z": 1720.0000000000, "yaw": -2.8400000000, "pitch": 0.0000000000, "roll": 0.0000000000 }
"extend": true
},
{
"time": "7/2/2012 3:29:09 PM",
"covariance": "[7.4774358370, -4.0423953410, 0.0029599588, -4.0423953410, 66.1920151493, -0.0112697637, 0.0029599588, -0.0112697637, 0.0000030734],",
"ins": {"x": 22300.0000000000, "y": -5890.0000000000, "z": 1490.0000000000, "yaw": 3.4200000000, "roll": 0.0000000000, "pitch": 0.0100000000 },
"slam": {"x": 22367.2514655251, "y": -5863.0165003509, "yaw": 3.4381867492 },
"groundtruth": {"x": 22190.0000000000, "y": -5880.0000000000, "z": 1720.0000000000, "yaw": -2.8400000000, "pitch": 0.0000000000, "roll": 0.0000000000 }
"extend": false
},
{
"time": "7/2/2012 3:29:09 PM",
"covariance": "[8.7420867458, -6.9911742238, 0.0037808613, -6.9911742238, 73.4625627451, -0.0132125693, 0.0037808613, -0.0132125693, 0.0000036016],",
"ins": {"x": 22300.0000000000, "y": -5890.0000000000, "z": 1490.0000000000, "yaw": 3.4200000000, "roll": 0.0000000000, "pitch": 0.0100000000 },
"slam": {"x": 22367.7957502352, "y": -5862.1792574329, "yaw": 3.4385218273 },
"groundtruth": {"x": 22190.0000000000, "y": -5870.0000000000, "z": 1720.0000000000, "yaw": -2.8400000000, "pitch": 0.0000000000, "roll": 0.0000000000 }
"extend": false
},
{
"time": "7/2/2012 3:29:09 PM",
"covariance": "[21.9872305432, 5.0243802162, 0.0072696199, 5.0243802162, 167.6412404585, -0.0236912281, 0.0072696199, -0.0236912281, 0.0000077469],",
"ins": {"x": 22300.0000000000, "y": -5890.0000000000, "z": 1490.0000000000, "yaw": 3.4200000000, "roll": 6.2800000000, "pitch": 0.0100000000 },
"slam": {"x": 22368.3445925615, "y": -5847.2256599850, "yaw": 3.4390691548 },
"groundtruth": {"x": 22190.0000000000, "y": -5870.0000000000, "z": 1720.0000000000, "yaw": -2.8400000000, "pitch": 0.0000000000, "roll": 0.0000000000 }
"extend": false
},
{
"time": "7/2/2012 3:29:09 PM",
"covariance": "[9.2550359902, -8.6394222680, 0.0042627526, -8.6394222680, 95.3711103893, -0.0215347384, 0.0042627526, -0.0215347384, 0.0000064051],",
