{
"time": "8/6/2012 1:56:24 PM",
"covariance": [185.7050700160, 143.8524299760, -0.1315106779, 143.8524299760, 173.1849496936, -0.1525819887, -0.1315106779, -0.1525819887, 0.0001378642],
"ins": {"x": 21090.0000000000, "y": -20870.0000000000, "z": 1420.0000000000, "yaw": 1.5700000000, "roll": 0.0000000000, "pitch": 0.0000000000 },
"slam": {"x": 21100.0351599796, "y": -20857.7897690125, "yaw": 1.5698320983 },
"groundtruth": {"x": 21080.0000000000, "y": -20850.0000000000, "z": 1720.0000000000, "yaw": 1.5700000000, "pitch": 0.0000000000, "roll": 0.0000000000 },
"extend": true
},
{
"time": "8/6/2012 1:56:24 PM",
"covariance": [138.0526603203, 106.2818929226, -0.1046004188, 106.2818929226, 132.6240873207, -0.1267250021, -0.1046004188, -0.1267250021, 0.0001248917],
"ins": {"x": 21100.0000000000, "y": -20210.0000000000, "z": 1400.0000000000, "yaw": 1.6000000000, "roll": 6.2800000000, "pitch": 0.0100000000 },
"slam": {"x": 21089.9020339081, "y": -20217.1316630989, "yaw": 1.5990636353 },
"groundtruth": {"x": 21060.0000000000, "y": -20150.0000000000, "z": 1720.0000000000, "yaw": 1.6000000000, "pitch": 0.0100000000, "roll": 0.0000000000 },
"extend": true
},
{
"time": "8/6/2012 1:56:24 PM",
"covariance": [208.7143463759, 145.4698243457, -0.1348361833, 145.4698243457, 167.3986925258, -0.1508899423, -0.1348361833, -0.1508899423, 0.0001406260],
"ins": {"x": 21070.0000000000, "y": -19450.0000000000, "z": 1380.0000000000, "yaw": 1.6000000000, "roll": 6.2800000000, "pitch": 0.0200000000 },
"slam": {"x": 21078.1937987155, "y": -19453.7218530960, "yaw": 1.6010658602 },
"groundtruth": {"x": 21040.0000000000, "y": -19440.0000000000, "z": 1710.0000000000, "yaw": 1.6000000000, "pitch": 0.0200000000, "roll": 0.0000000000 },
"extend": true
},
{
"time": "8/6/2012 1:56:24 PM",
"covariance": [97.9373821405, 102.4116032587, -0.1041631951, 102.4116032587, 111.2033802610, -0.1130193552, -0.1041631951, -0.1130193552, 0.0001182248],
"ins": {"x": 21060.0000000000, "y": -18860.0000000000, "z": 1390.0000000000, "yaw": 1.6100000000, "roll": 0.0000000000, "pitch": 0.0200000000 },
"slam": {"x": 21053.3053972381, "y": -18859.9276576864, "yaw": 1.6212999680 },
"groundtruth": {"x": 21010.0000000000, "y": -18740.0000000000, "z": 1720.0000000000, "yaw": 1.6200000000, "pitch": 0.0100000000, "roll": 0.0000000000 },
"extend": true
},
{
"time": "8/6/2012 1:56:25 PM",
"covariance": [111.1339618885, 93.4680267328, -0.1062353276, 93.4680267328, 72.6546300548, -0.0936721337, -0.1062353276, -0.0936721337, 0.0001177863],
"ins": {"x": 21070.0000000000, "y": -18440.0000000000, "z": 1400.0000000000, "yaw": 1.5600000000, "roll": 0.0000000000, "pitch": 0.0000000000 },
"slam": {"x": 21037.5608088045, "y": -18436.8165736396, "yaw": 1.5657141196 },
"groundtruth": {"x": 20990.0000000000, "y": -18420.0000000000, "z": 1720.0000000000, "yaw": 1.5700000000, "pitch": 0.0000000000, "roll": 0.0000000000 },
"extend": true
},
{
"time": "8/6/2012 1:56:25 PM",
"covariance": [-18.8568241634, 86.2164029797, -0.0806574856, 86.2164029797, 27.1312248923, -0.0584498086, -0.0806574856, -0.0584498086, 0.0000938756],
"ins": {"x": 21060.0000000000, "y": -18470.0000000000, "z": 1390.0000000000, "yaw": 1.1800000000, "roll": 6.2800000000, "pitch": 0.0000000000 },
"slam": {"x": 20988.5754034080, "y": -18469.8701695636, "yaw": 1.1800993337 },
"groundtruth": {"x": 20970.0000000000, "y": -18460.0000000000, "z": 1720.0000000000, "yaw": 1.1800000000, "pitch": 0.0000000000, "roll": 0.0000000000 },
"extend": false
},
{
"time": "8/6/2012 1:56:25 PM",
"covariance": [-5.5168548244, 85.3885173563, -0.0823655831, 85.3885173563, 28.1415373082, -0.0602583827, -0.0823655831, -0.0602583827, 0.0000969355],
"ins": {"x": 21050.0000000000, "y": -18480.0000000000, "z": 1390.0000000000, "yaw": 1.1800000000, "roll": 0.0000000000, "pitch": 0.0000000000 },
"slam": {"x": 20987.2497078506, "y": -18469.8565310724, "yaw": 1.1795542164 },
"groundtruth": {"x": 20970.0000000000, "y": -18470.0000000000, "z": 1720.0000000000, "yaw": 1.1800000000, "pitch": 0.0000000000, "roll": 0.0000000000 },
"extend": false
},
{
"time": "8/6/2012 1:56:25 PM",
"covariance": [258.3804504818, 146.9999550401, -0.1809712686, 146.9999550401, 103.9927097428, -0.1248333381, -0.1809712686, -0.1248333381, 0.0001535180],
"ins": {"x": 21220.0000000000, "y": -18030.0000000000, "z": 1420.0000000000, "yaw": 1.1900000000, "roll": 6.2800000000, "pitch": 0.0200000000 },
"slam": {"x": 21200.5967088890, "y": -18021.6186308085, "yaw": 1.1831424264 },
"groundtruth": {"x": 21180.0000000000, "y": -17930.0000000000, "z": 1720.0000000000, "yaw": 1.1900000000, "pitch": 0.0000000000, "roll": 0.0000000000 },
"extend": true
},
{
"time": "8/6/2012 1:56:25 PM",
"covariance": [120.4593949662, 167.3552745042, -0.1332835260, 167.3552745042, 234.3504810464, -0.1846741449, -0.1332835260, -0.1846741449, 0.0001513536],
"ins": {"x": 21520.0000000000, "y": -17290.0000000000, "z": 1450.0000000000, "yaw": 1.1800000000, "roll": 6.2800000000, "pitch": 0.0100000000 },
"slam": {"x": 21475.4205793369, "y": -17304.0996855860, "yaw": 1.1759005287 },
"groundtruth": {"x": 21450.0000000000, "y": -17270.0000000000, "z": 1720.0000000000, "yaw": 1.1800000000, "pitch": 0.0100000000, "roll": 0.0000000000 },
"extend": true
},
{
"time": "8/6/2012 1:56:26 PM",
"covariance": [49.0018148484, 28.1420105774, -0.0118345878, 28.1420105774, 89.3294642197, -0.0814262310, -0.0118345878, -0.0814262310, 0.0000790697],
"ins": {"x": 21610.0000000000, "y": -17020.0000000000, "z": 1440.0000000000, "yaw": 1.4700000000, "roll": 6.2800000000, "pitch": 0.0000000000 },
"slam": {"x": 21618.3401034529, "y": -17013.8377568562, "yaw": 1.5217364477 },
"groundtruth": {"x": 21560.0000000000, "y": -17010.0000000000, "z": 1720.0000000000, "yaw": 1.5300000000, "pitch": 0.0000000000, "roll": 0.0000000000 },
"extend": true
},
{
"time": "8/6/2012 1:56:26 PM",
"covariance": [52.2045283756, 15.8690422963, -0.0106649932, 15.8690422963, 28.5612680158, -0.0446587254, -0.0106649932, -0.0446587254, 0.0000571207],
"ins": {"x": 21610.0000000000, "y": -17020.0000000000, "z": 1440.0000000000, "yaw": 1.7200000000, "roll": 0.0000000000, "pitch": 0.0000000000 },
"slam": {"x": 21633.3903914338, "y": -17040.3089864355, "yaw": 1.7176207934 },
"groundtruth": {"x": 21560.0000000000, "y": -17010.0000000000, "z": 1720.0000000000, "yaw": 1.7200000000, "pitch": 0.0000000000, "roll": 0.0000000000 },
"extend": false
},
{
"time": "8/6/2012 1:56:26 PM",
"covariance": [50.7120927409, 15.6832451220, -0.0106006564, 15.6832451220, 29.1658758058, -0.0444707628, -0.0106006564, -0.0444707628, 0.0000567858],
"ins": {"x": 21610.0000000000, "y": -17030.0000000000, "z": 1440.0000000000, "yaw": 1.7200000000, "roll": 0.0000000000, "pitch": 0.0000000000 },
"slam": {"x": 21634.2355262317, "y": -17039.7010908480, "yaw": 1.7179743793 },
"groundtruth": {"x": 21560.0000000000, "y": -17010.0000000000, "z": 1720.0000000000, "yaw": 1.7200000000, "pitch": 0.0000000000, "roll": 0.0000000000 },
"extend": false
},
{
"time": "8/6/2012 1:56:26 PM",
"covariance": [46.6777337897, 12.2834211617, -0.0087059615, 12.2834211617, 81.5720521477, -0.0709452623, -0.0087059615, -0.0709452623, 0.0000642970],
"ins": {"x": 21560.0000000000, "y": -16390.0000000000, "z": 1430.0000000000, "yaw": 1.7000000000, "roll": 6.2800000000, "pitch": 0.0500000000 },
"slam": {"x": 21564.4769094210, "y": -16392.3964821819, "yaw": 1.6994333738 },
"groundtruth": {"x": 21480.0000000000, "y": -16350.0000000000, "z": 1710.0000000000, "yaw": 1.7000000000, "pitch": 0.0400000000, "roll": 0.0000000000 },
"extend": true
},
{
"time": "8/6/2012 1:56:26 PM",
"covariance": [52.9056482905, 25.7362246313, -0.0279995947, 25.7362246313, 76.0879112165, -0.0721270648, -0.0279995947, -0.0721270648, 0.0000705514],
"ins": {"x": 21490.0000000000, "y": -15790.0000000000, "z": 1420.0000000000, "yaw": 1.7000000000, "roll": 0.0000000000, "pitch": 0.0100000000 },
"slam": {"x": 21498.6925606151, "y": -15790.9050325867, "yaw": 1.6872730537 },
"groundtruth": {"x": 21410.0000000000, "y": -15770.0000000000, "z": 1720.0000000000, "yaw": 1.6900000000, "pitch": 0.0000000000, "roll": 0.0000000000 },
"extend": true
},
{
"time": "8/6/2012 1:56:27 PM",
"covariance": [60.8593275082, 25.7200669292, -0.0300095264, 25.7200669292, 20.1545611968, -0.0470151358, -0.0300095264, -0.0470151358, 0.0000659365],
"ins": {"x": 21490.0000000000, "y": -15800.0000000000, "z": 1420.0000000000, "yaw": 1.4700000000, "roll": 0.0000000000, "pitch": 0.0000000000 },
"slam": {"x": 21478.5082197458, "y": -15781.6326829447, "yaw": 1.4772789046 },
"groundtruth": {"x": 21400.0000000000, "y": -15780.0000000000, "z": 1720.0000000000, "yaw": 1.4800000000, "pitch": 0.0000000000, "roll": 0.0000000000 },
"extend": false
},
{
"time": "8/6/2012 1:56:27 PM",
"covariance": [61.9857888505, 41.9616378835, -0.0418927042, 41.9616378835, 38.3122348409, -0.0586114303, -0.0418927042, -0.0586114303, 0.0000721843],
"ins": {"x": 21500.0000000000, "y": -15780.0000000000, "z": 1420.0000000000, "yaw": 1.2100000000, "roll": 0.0000000000, "pitch": 0.0000000000 },
"slam": {"x": 21470.0935237329, "y": -15787.8942254794, "yaw": 1.1763433153 },
"groundtruth": {"x": 21420.0000000000, "y": -15750.0000000000, "z": 1720.0000000000, "yaw": 1.1800000000, "pitch": 0.0000000000, "roll": 0.0000000000 },
"extend": true
},
{
"time": "8/6/2012 1:56:27 PM",
"covariance": [-102.1552281852, 3.8180041114, -0.0831893905, 3.8180041114, 73.4938577244, -0.1134365735, -0.0831893905, -0.1134365735, 0.0001229438],
"ins": {"x": 21700.0000000000, "y": -15440.0000000000, "z": 1420.0000000000, "yaw": 1.0100000000, "roll": 0.0000000000, "pitch": 0.0100000000 },
"slam": {"x": 21665.8960535413, "y": -15417.8885618152, "yaw": 1.0169418715 },
"groundtruth": {"x": 21620.0000000000, "y": -15410.0000000000, "z": 1720.0000000000, "yaw": 1.0200000000, "pitch": 0.0000000000, "roll": 0.0000000000 },
"extend": true
},
{
"time": "8/6/2012 1:56:27 PM",
"covariance": [-118.1719873339, -89.6369396620, -0.0244338014, -89.6369396620, -10.1074164321, -0.0830544173, -0.0244338014, -0.0830544173, 0.0000766892],
"ins": {"x": 22050.0000000000, "y": -14890.0000000000, "z": 1430.0000000000, "yaw": 1.0100000000, "roll": 0.0000000000, "pitch": 0.0100000000 },
"slam": {"x": 22050.0249484642, "y": -14893.6141363797, "yaw": 1.0165611110 },
"groundtruth": {"x": 22000.0000000000, "y": -14800.0000000000, "z": 1720.0000000000, "yaw": 1.0200000000, "pitch": 0.0000000000, "roll": 0.0000000000 },
"extend": true
},
{
"time": "8/6/2012 1:56:27 PM",
"covariance": [-51.9007473039, -67.5680541082, 0.0002681107, -67.5680541082, -29.4881147191, -0.0371386651, 0.0002681107, -0.0371386651, 0.0000320512],
"ins": {"x": 22500.0000000000, "y": -14190.0000000000, "z": 1420.0000000000, "yaw": 1.0100000000, "roll": 0.0000000000, "pitch": 0.0100000000 },
"slam": {"x": 22440.3540841374, "y": -14191.0919926748, "yaw": 1.0100670097 },
"groundtruth": {"x": 22380.0000000000, "y": -14180.0000000000, "z": 1720.0000000000, "yaw": 1.0200000000, "pitch": 0.0000000000, "roll": 0.0000000000 },
"extend": true
},
{
"time": "8/6/2012 1:56:28 PM",
"covariance": [-42.5628020806, -48.1135718205, 0.0052286195, -48.1135718205, -26.2373541861, -0.0165743644, 0.0052286195, -0.0165743644, 0.0000215122],
"ins": {"x": 22660.0000000000, "y": -13890.0000000000, "z": 1430.0000000000, "yaw": 1.0100000000, "roll": 0.0000000000, "pitch": 0.0100000000 },
"slam": {"x": 22619.0705439036, "y": -13898.1288752609, "yaw": 1.0136231131 },
"groundtruth": {"x": 22550.0000000000, "y": -13890.0000000000, "z": 1720.0000000000, "yaw": 1.0200000000, "pitch": 0.0000000000, "roll": 0.0000000000 },
"extend": true
},
{
"time": "8/6/2012 1:56:28 PM",
"covariance": [16.5420051223, -5.1049398575, 0.0118104609, -5.1049398575, 7.4939799122, -0.0218913203, 0.0118104609, -0.0218913203, 0.0000401036],
"ins": {"x": 22660.0000000000, "y": -13890.0000000000, "z": 1430.0000000000, "yaw": 1.1000000000, "roll": 0.0000000000, "pitch": 0.0100000000 },
"slam": {"x": 22619.1913316752, "y": -13897.5116530028, "yaw": 1.1051404564 },
"groundtruth": {"x": 22550.0000000000, "y": -13900.0000000000, "z": 1720.0000000000, "yaw": 1.1100000000, "pitch": 0.0000000000, "roll": 0.0000000000 },
"extend": false
},
{
"time": "8/6/2012 1:56:28 PM",
"covariance": [40.4236861361, 11.4020042175, 0.0105800753, 11.4020042175, 12.3752367109, -0.0152294635, 0.0105800753, -0.0152294635, 0.0000248192],
"ins": {"x": 22650.0000000000, "y": -13940.0000000000, "z": 1430.0000000000, "yaw": 1.3800000000, "roll": 0.0000000000, "pitch": 0.0000000000 },
"slam": {"x": 22626.9745753090, "y": -13941.9564665093, "yaw": 1.3856380402 },
"groundtruth": {"x": 22530.0000000000, "y": -13960.0000000000, "z": 1720.0000000000, "yaw": 1.3900000000, "pitch": 0.0000000000, "roll": 0.0000000000 },
"extend": false
},
{
"time": "8/6/2012 1:56:28 PM",
"covariance": [38.0339748631, 9.6135048138, 0.0110891251, 9.6135048138, 13.0685682730, -0.0159982916, 0.0110891251, -0.0159982916, 0.0000261194],
"ins": {"x": 22650.0000000000, "y": -13950.0000000000, "z": 1430.0000000000, "yaw": 1.3800000000, "roll": 6.2800000000, "pitch": 0.0000000000 },
"slam": {"x": 22626.6023730623, "y": -13955.1190365761, "yaw": 1.3847047670 },
"groundtruth": {"x": 22530.0000000000, "y": -13960.0000000000, "z": 1720.0000000000, "yaw": 1.3900000000, "pitch": 0.0000000000, "roll": 0.0000000000 },
"extend": false
},
{
"time": "8/6/2012 1:56:28 PM",
"covariance": [38.7395103063, 10.5402192063, 0.0109775418, 10.5402192063, 13.6284060131, -0.0161148313, 0.0109775418, -0.0161148313, 0.0000262744],
"ins": {"x": 22650.0000000000, "y": -13960.0000000000, "z": 1430.0000000000, "yaw": 1.3800000000, "roll": 6.2800000000, "pitch": 0.0000000000 },
"slam": {"x": 22626.5894996111, "y": -13956.4990045897, "yaw": 1.3847097353 },
"groundtruth": {"x": 22530.0000000000, "y": -13960.0000000000, "z": 1720.0000000000, "yaw": 1.3900000000, "pitch": 0.0000000000, "roll": 0.0000000000 },
"extend": false
},
{
"time": "8/6/2012 1:56:29 PM",
"covariance": [38.0461281160, 9.6274784067, 0.0110955109, 9.6274784067, 13.0921069399, -0.0160072146, 0.0110955109, -0.0160072146, 0.0000261338],
"ins": {"x": 22650.0000000000, "y": -13960.0000000000, "z": 1430.0000000000, "yaw": 1.3800000000, "roll": 6.2800000000, "pitch": 0.0000000000 },
"slam": {"x": 22626.6024943643, "y": -13955.1186706759, "yaw": 1.3847048935 },
"groundtruth": {"x": 22530.0000000000, "y": -13960.0000000000, "z": 1720.0000000000, "yaw": 1.3900000000, "pitch": 0.0000000000, "roll": 0.0000000000 },
"extend": false
},
{
"time": "8/6/2012 1:56:29 PM",
"covariance": [38.0461281160, 9.6274784067, 0.0110955109, 9.6274784067, 13.0921069399, -0.0160072146, 0.0110955109, -0.0160072146, 0.0000261338],
"ins": {"x": 22650.0000000000, "y": -13960.0000000000, "z": 1430.0000000000, "yaw": 1.3800000000, "roll": 6.2800000000, "pitch": 0.0000000000 },
"slam": {"x": 22626.6024943643, "y": -13955.1186706759, "yaw": 1.3847048935 },
"groundtruth": {"x": 22530.0000000000, "y": -13960.0000000000, "z": 1720.0000000000, "yaw": 1.3900000000, "pitch": 0.0000000000, "roll": 0.0000000000 },
"extend": false
},
{
"time": "8/6/2012 1:56:29 PM",
"covariance": [38.0461281160, 9.6274784067, 0.0110955109, 9.6274784067, 13.0921069399, -0.0160072146, 0.0110955109, -0.0160072146, 0.0000261338],
"ins": {"x": 22650.0000000000, "y": -13960.0000000000, "z": 1430.0000000000, "yaw": 1.3800000000, "roll": 6.2800000000, "pitch": 0.0000000000 },
"slam": {"x": 22626.6024943643, "y": -13955.1186706759, "yaw": 1.3847048935 },
"groundtruth": {"x": 22530.0000000000, "y": -13960.0000000000, "z": 1720.0000000000, "yaw": 1.3900000000, "pitch": 0.0000000000, "roll": 0.0000000000 },
"extend": false
},
{
"time": "8/6/2012 1:56:29 PM",
"covariance": [41.5209536071, -6.2081302526, 0.0184109155, -6.2081302526, 8.4813472578, -0.0188166562, 0.0184109155, -0.0188166562, 0.0000255646],
"ins": {"x": 22730.0000000000, "y": -13520.0000000000, "z": 1440.0000000000, "yaw": 1.3600000000, "roll": 6.2800000000, "pitch": 0.0100000000 },
"slam": {"x": 22735.8277336362, "y": -13517.1639498847, "yaw": 1.3676025911 },
"groundtruth": {"x": 22640.0000000000, "y": -13450.0000000000, "z": 1720.0000000000, "yaw": 1.3700000000, "pitch": 0.0100000000, "roll": 0.0000000000 },
"extend": true
},
{
"time": "8/6/2012 1:56:30 PM",
"covariance": [82.1635371594, -4.6420000266, 0.0136207276, -4.6420000266, 25.9254255995, -0.0185922977, 0.0136207276, -0.0185922977, 0.0000169762],
"ins": {"x": 22870.0000000000, "y": -12740.0000000000, "z": 1430.0000000000, "yaw": 1.3500000000, "roll": 0.0000000000, "pitch": 0.0400000000 },
"slam": {"x": 22892.0710874066, "y": -12728.5906128943, "yaw": 1.3572258338 },
"groundtruth": {"x": 22780.0000000000, "y": -12750.0000000000, "z": 1710.0000000000, "yaw": 1.3600000000, "pitch": 0.0300000000, "roll": 0.0000000000 },
"extend": true
},
{
"time": "8/6/2012 1:56:30 PM",
"covariance": [65.5752513007, -1.6208816360, 0.0103570348, -1.6208816360, 11.6980497180, -0.0101354592, 0.0103570348, -0.0101354592, 0.0000110042],
"ins": {"x": 23000.0000000000, "y": -12110.0000000000, "z": 1430.0000000000, "yaw": 1.3500000000, "roll": 0.0000000000, "pitch": 0.0300000000 },
"slam": {"x": 23048.5416951909, "y": -12082.0314849468, "yaw": 1.3594946376 },
"groundtruth": {"x": 22930.0000000000, "y": -12070.0000000000, "z": 1720.0000000000, "yaw": 1.3600000000, "pitch": 0.0100000000, "roll": 0.0000000000 },
"extend": true
},
{
"time": "8/6/2012 1:56:30 PM",
"covariance": [34.6850244170, 1.7248193890, 0.0042268589, 1.7248193890, 2.7479763229, -0.0025349064, 0.0042268589, -0.0025349064, 0.0000042163],
"ins": {"x": 23060.0000000000, "y": -11910.0000000000, "z": 1440.0000000000, "yaw": 1.7800000000, "roll": 0.0000000000, "pitch": 0.0100000000 },
"slam": {"x": 23112.6324339911, "y": -11908.5964200054, "yaw": 1.7719724449 },
"groundtruth": {"x": 22950.0000000000, "y": -11930.0000000000, "z": 1720.0000000000, "yaw": 1.7800000000, "pitch": 0.0000000000, "roll": 0.0000000000 },
"extend": false
},
{
"time": "8/6/2012 1:56:30 PM",
"covariance": [47.5148182874, -1.3266384236, 0.0093996827, -1.3266384236, 4.1728850938, -0.0053415665, 0.0093996827, -0.0053415665, 0.0000085969],
"ins": {"x": 23060.0000000000, "y": -11920.0000000000, "z": 1440.0000000000, "yaw": 1.9300000000, "roll": 6.2800000000, "pitch": 0.0000000000 },
"slam": {"x": 23122.6915321048, "y": -11905.4987115306, "yaw": 1.9235324111 },
"groundtruth": {"x": 22950.0000000000, "y": -11930.0000000000, "z": 1720.0000000000, "yaw": 1.9300000000, "pitch": 0.0000000000, "roll": 0.0000000000 },
"extend": true
},
{
"time": "8/6/2012 1:56:30 PM",
"covariance": [19.3170843301, -9.2709806450, 0.0021533563, -9.2709806450, 5.0613178946, -0.0014855021, 0.0021533563, -0.0014855021, 0.0000020413],
"ins": {"x": 23060.0000000000, "y": -11920.0000000000, "z": 1440.0000000000, "yaw": 1.9300000000, "roll": 6.2800000000, "pitch": 0.0000000000 },
"slam": {"x": 23122.1104549305, "y": -11920.4870455933, "yaw": 1.9234751005 },
"groundtruth": {"x": 22950.0000000000, "y": -11930.0000000000, "z": 1720.0000000000, "yaw": 1.9300000000, "pitch": 0.0000000000, "roll": 0.0000000000 },
"extend": false
},
{
"time": "8/6/2012 1:56:31 PM",
"covariance": [19.3170843301, -9.2709806450, 0.0021533563, -9.2709806450, 5.0613178946, -0.0014855021, 0.0021533563, -0.0014855021, 0.0000020413],
"ins": {"x": 23060.0000000000, "y": -11920.0000000000, "z": 1440.0000000000, "yaw": 1.9300000000, "roll": 6.2800000000, "pitch": 0.0000000000 },
"slam": {"x": 23122.1104549305, "y": -11920.4870455933, "yaw": 1.9234751005 },
"groundtruth": {"x": 22950.0000000000, "y": -11930.0000000000, "z": 1720.0000000000, "yaw": 1.9300000000, "pitch": 0.0000000000, "roll": 0.0000000000 },
"extend": false
},
{
"time": "8/6/2012 1:56:31 PM",
"covariance": [88.9650298638, -46.2563562582, 0.0130502694, -46.2563562582, 31.2458402766, -0.0111927104, 0.0130502694, -0.0111927104, 0.0000097259],
"ins": {"x": 22850.0000000000, "y": -11290.0000000000, "z": 1450.0000000000, "yaw": 1.9200000000, "roll": 0.0000000000, "pitch": 0.0300000000 },
"slam": {"x": 22910.9171582457, "y": -11293.6450473751, "yaw": 1.9126736562 },
"groundtruth": {"x": 22730.0000000000, "y": -11320.0000000000, "z": 1710.0000000000, "yaw": 1.9200000000, "pitch": 0.0200000000, "roll": 0.0000000000 },
"extend": true
},
{
"time": "8/6/2012 1:56:31 PM",
"covariance": [72.2188189061, -39.1602908659, 0.0122839206, -39.1602908659, 31.9980771333, -0.0149981256, 0.0122839206, -0.0149981256, 0.0000128134],
"ins": {"x": 22620.0000000000, "y": -10690.0000000000, "z": 1470.0000000000, "yaw": 1.8900000000, "roll": 0.0000000000, "pitch": 0.0100000000 },
"slam": {"x": 22696.9067587514, "y": -10675.0885473600, "yaw": 1.8895031044 },
"groundtruth": {"x": 22510.0000000000, "y": -10640.0000000000, "z": 1720.0000000000, "yaw": 1.8900000000, "pitch": 0.0000000000, "roll": 0.0000000000 },
"extend": true
},
{
"time": "8/6/2012 1:56:31 PM",
"covariance": [64.9797324701, -39.2863115901, 0.0137726095, -39.2863115901, 39.6629752897, -0.0221516405, 0.0137726095, -0.0221516405, 0.0000198341],
"ins": {"x": 22390.0000000000, "y": -9980.0000000000, "z": 1450.0000000000, "yaw": 1.9000000000, "roll": 0.0000000000, "pitch": 0.0100000000 },
"slam": {"x": 22493.4572476356, "y": -9966.2466734424, "yaw": 1.8927007050 },
"groundtruth": {"x": 22290.0000000000, "y": -9970.0000000000, "z": 1720.0000000000, "yaw": 1.8900000000, "pitch": 0.0000000000, "roll": 0.0000000000 },
"extend": true
},
{
"time": "8/6/2012 1:56:31 PM",
"covariance": [24.5931532459, -16.6743877029, 0.0096200684, -16.6743877029, 26.3411862571, -0.0236041185, 0.0096200684, -0.0236041185, 0.0000265600],
"ins": {"x": 22260.0000000000, "y": -9590.0000000000, "z": 1460.0000000000, "yaw": 1.8900000000, "roll": 0.0000000000, "pitch": 0.0100000000 },
"slam": {"x": 22365.5775293569, "y": -9600.6821315423, "yaw": 1.8814139672 },
"groundtruth": {"x": 22160.0000000000, "y": -9570.0000000000, "z": 1720.0000000000, "yaw": 1.8800000000, "pitch": 0.0000000000, "roll": 0.0000000000 },
"extend": true
},
{
"time": "8/6/2012 1:56:32 PM",
"covariance": [36.0018910680, -21.8274813905, 0.0097935134, -21.8274813905, 21.3502678954, -0.0234848936, 0.0097935134, -0.0234848936, 0.0000353616],
"ins": {"x": 22260.0000000000, "y": -9590.0000000000, "z": 1460.0000000000, "yaw": 1.8900000000, "roll": 0.0000000000, "pitch": 0.0100000000 },
"slam": {"x": 22365.5835753022, "y": -9600.5878557880, "yaw": 1.8814343608 },
"groundtruth": {"x": 22160.0000000000, "y": -9570.0000000000, "z": 1720.0000000000, "yaw": 1.8800000000, "pitch": 0.0000000000, "roll": 0.0000000000 },
"extend": false
},
{
"time": "8/6/2012 1:56:32 PM",
"covariance": [36.0521229990, -21.9050956706, 0.0097992497, -21.9050956706, 21.3427064305, -0.0235023181, 0.0097992497, -0.0235023181, 0.0000353863],
"ins": {"x": 22260.0000000000, "y": -9590.0000000000, "z": 1460.0000000000, "yaw": 1.8900000000, "roll": 0.0000000000, "pitch": 0.0100000000 },
"slam": {"x": 22365.4650626877, "y": -9600.6066989786, "yaw": 1.8813767187 },
"groundtruth": {"x": 22160.0000000000, "y": -9570.0000000000, "z": 1720.0000000000, "yaw": 1.8800000000, "pitch": 0.0000000000, "roll": 0.0000000000 },
"extend": false
},
{
"time": "8/6/2012 1:56:32 PM",
"covariance": [36.1899779913, -22.0160829991, 0.0097941793, -22.0160829991, 21.3530621753, -0.0234849064, 0.0097941793, -0.0234849064, 0.0000353631],
"ins": {"x": 22260.0000000000, "y": -9590.0000000000, "z": 1460.0000000000, "yaw": 1.8900000000, "roll": 0.0000000000, "pitch": 0.0100000000 },
"slam": {"x": 22365.1918793495, "y": -9600.7054048733, "yaw": 1.8813408956 },
"groundtruth": {"x": 22160.0000000000, "y": -9570.0000000000, "z": 1720.0000000000, "yaw": 1.8800000000, "pitch": 0.0000000000, "roll": 0.0000000000 },
"extend": false
},
{
"time": "8/6/2012 1:56:32 PM",
"covariance": [36.5048830952, -22.0854438958, 0.0097998971, -22.0854438958, 21.3997006836, -0.0234882771, 0.0097998971, -0.0234882771, 0.0000353759],
"ins": {"x": 22260.0000000000, "y": -9590.0000000000, "z": 1460.0000000000, "yaw": 1.8900000000, "roll": 0.0000000000, "pitch": 0.0100000000 },
"slam": {"x": 22364.9791157123, "y": -9600.7460899537, "yaw": 1.8813614743 },
"groundtruth": {"x": 22160.0000000000, "y": -9570.0000000000, "z": 1720.0000000000, "yaw": 1.8800000000, "pitch": 0.0000000000, "roll": 0.0000000000 },
"extend": false
},
{
"time": "8/6/2012 1:56:32 PM",
"covariance": [36.4529418529, -21.6577617847, 0.0097859822, -21.6577617847, 21.4442713439, -0.0234484422, 0.0097859822, -0.0234484422, 0.0000353178],
"ins": {"x": 22260.0000000000, "y": -9590.0000000000, "z": 1460.0000000000, "yaw": 1.8900000000, "roll": 0.0000000000, "pitch": 0.0100000000 },
"slam": {"x": 22364.9185522378, "y": -9600.8600277449, "yaw": 1.8818342648 },
"groundtruth": {"x": 22160.0000000000, "y": -9570.0000000000, "z": 1720.0000000000, "yaw": 1.8800000000, "pitch": 0.0000000000, "roll": 0.0000000000 },
"extend": false
},
{
"time": "8/6/2012 1:56:33 PM",
"covariance": [38.9795798229, -22.3675660824, 0.0098802115, -22.3675660824, 21.7121091656, -0.0236813729, 0.0098802115, -0.0236813729, 0.0000356684],
"ins": {"x": 22260.0000000000, "y": -9590.0000000000, "z": 1460.0000000000, "yaw": 1.8900000000, "roll": 0.0000000000, "pitch": 0.0100000000 },
"slam": {"x": 22364.8723086046, "y": -9600.8855119500, "yaw": 1.8818679049 },
"groundtruth": {"x": 22160.0000000000, "y": -9570.0000000000, "z": 1720.0000000000, "yaw": 1.8800000000, "pitch": 0.0000000000, "roll": 0.0000000000 },
"extend": false
},
{
"time": "8/6/2012 1:56:33 PM",
"covariance": [38.9795798229, -22.3675660824, 0.0098802115, -22.3675660824, 21.7121091656, -0.0236813729, 0.0098802115, -0.0236813729, 0.0000356684],
"ins": {"x": 22260.0000000000, "y": -9590.0000000000, "z": 1460.0000000000, "yaw": 1.8900000000, "roll": 0.0000000000, "pitch": 0.0100000000 },
"slam": {"x": 22364.8723086046, "y": -9600.8855119500, "yaw": 1.8818679049 },
"groundtruth": {"x": 22160.0000000000, "y": -9570.0000000000, "z": 1720.0000000000, "yaw": 1.8800000000, "pitch": 0.0000000000, "roll": 0.0000000000 },
"extend": false
},
{
"time": "8/6/2012 1:56:33 PM",
"covariance": [40.1241260345, -22.8762128604, 0.0099055867, -22.8762128604, 21.7904934405, -0.0237395559, 0.0099055867, -0.0237395559, 0.0000357605],
"ins": {"x": 22260.0000000000, "y": -9590.0000000000, "z": 1460.0000000000, "yaw": 1.8900000000, "roll": 0.0000000000, "pitch": 0.0100000000 },
"slam": {"x": 22364.7678787639, "y": -9601.0561724916, "yaw": 1.8818546885 },
"groundtruth": {"x": 22160.0000000000, "y": -9570.0000000000, "z": 1720.0000000000, "yaw": 1.8800000000, "pitch": 0.0000000000, "roll": 0.0000000000 },
"extend": false
},
{
"time": "8/6/2012 1:56:33 PM",
"covariance": [51.9457576875, -18.5909587022, 0.0004418646, -18.5909587022, 24.4536187119, -0.0227313024, 0.0004418646, -0.0227313024, 0.0000272215],
"ins": {"x": 22260.0000000000, "y": -9540.0000000000, "z": 1460.0000000000, "yaw": 1.5400000000, "roll": 0.0000000000, "pitch": 0.0100000000 },
"slam": {"x": 22344.6711835912, "y": -9547.1805257621, "yaw": 1.5306318931 },
"groundtruth": {"x": 22170.0000000000, "y": -9530.0000000000, "z": 1720.0000000000, "yaw": 1.5300000000, "pitch": 0.0000000000, "roll": 0.0000000000 },
"extend": false
},
{
"time": "8/6/2012 1:56:34 PM",
"covariance": [51.7743528602, -18.8744966306, -0.0013470441, -18.8744966306, 28.4114537008, -0.0244556443, -0.0013470441, -0.0244556443, 0.0000272324],
"ins": {"x": 22260.0000000000, "y": -9580.0000000000, "z": 1460.0000000000, "yaw": 1.4100000000, "roll": 0.0000000000, "pitch": 0.0100000000 },
"slam": {"x": 22334.7977178960, "y": -9575.8729795896, "yaw": 1.3976648480 },
"groundtruth": {"x": 22170.0000000000, "y": -9560.0000000000, "z": 1720.0000000000, "yaw": 1.4000000000, "pitch": 0.0000000000, "roll": 0.0000000000 },
"extend": true
},
{
"time": "8/6/2012 1:56:34 PM",
"covariance": [22.9507452349, -9.2926892798, 0.0058563499, -9.2926892798, 20.1673369403, -0.0402076720, 0.0058563499, -0.0402076720, 0.0000631798],
"ins": {"x": 22260.0000000000, "y": -9580.0000000000, "z": 1460.0000000000, "yaw": 1.4000000000, "roll": 0.0000000000, "pitch": 0.0100000000 },
"slam": {"x": 22334.7686665689, "y": -9575.9808839413, "yaw": 1.3978432402 },
"groundtruth": {"x": 22170.0000000000, "y": -9570.0000000000, "z": 1720.0000000000, "yaw": 1.4000000000, "pitch": 0.0000000000, "roll": 0.0000000000 },
"extend": false
},
{
"time": "8/6/2012 1:56:34 PM",
"covariance": [25.3035483690, -8.9015005281, 0.0058819776, -8.9015005281, 20.1695104297, -0.0403945907, 0.0058819776, -0.0403945907, 0.0000634880],
"ins": {"x": 22260.0000000000, "y": -9580.0000000000, "z": 1460.0000000000, "yaw": 1.4000000000, "roll": 0.0000000000, "pitch": 0.0100000000 },
"slam": {"x": 22334.4359443521, "y": -9575.2966623962, "yaw": 1.3959561175 },
"groundtruth": {"x": 22170.0000000000, "y": -9570.0000000000, "z": 1720.0000000000, "yaw": 1.4000000000, "pitch": 0.0000000000, "roll": 0.0000000000 },
"extend": false
},
{
"time": "8/6/2012 1:56:34 PM",
"covariance": [38.2780811840, -6.1245487794, 0.0114472452, -6.1245487794, 57.7173451916, -0.0569399982, 0.0114472452, -0.0569399982, 0.0000594299],
"ins": {"x": 22330.0000000000, "y": -9050.0000000000, "z": 1470.0000000000, "yaw": 1.4300000000, "roll": 6.2800000000, "pitch": 0.0100000000 },
"slam": {"x": 22414.4459366567, "y": -9037.9521371201, "yaw": 1.4275222220 },
"groundtruth": {"x": 22240.0000000000, "y": -9020.0000000000, "z": 1720.0000000000, "yaw": 1.4300000000, "pitch": 0.0100000000, "roll": 0.0000000000 },
"extend": true
},
{
"time": "8/6/2012 1:56:34 PM",
"covariance": [51.3081149565, 1.9810527952, 0.0045445367, 1.9810527952, 17.8929004461, -0.0234818853, 0.0045445367, -0.0234818853, 0.0000320321],
"ins": {"x": 22370.0000000000, "y": -8740.0000000000, "z": 1470.0000000000, "yaw": 1.4500000000, "roll": 0.0000000000, "pitch": 0.0100000000 },
"slam": {"x": 22456.3322329349, "y": -8750.5920745436, "yaw": 1.4475011263 },
"groundtruth": {"x": 22280.0000000000, "y": -8720.0000000000, "z": 1720.0000000000, "yaw": 1.4500000000, "pitch": 0.0000000000, "roll": 0.0000000000 },
"extend": true
},
{
"time": "8/6/2012 1:56:35 PM",
"covariance": [57.2864549185, 2.0650526037, 0.0055185147, 2.0650526037, 8.0724177266, -0.0174802087, 0.0055185147, -0.0174802087, 0.0000291653],
"ins": {"x": 22360.0000000000, "y": -8710.0000000000, "z": 1470.0000000000, "yaw": 1.6100000000, "roll": 6.2800000000, "pitch": 0.0000000000 },
"slam": {"x": 22462.7945164826, "y": -8725.5943992975, "yaw": 1.6041408654 },
"groundtruth": {"x": 22270.0000000000, "y": -8690.0000000000, "z": 1720.0000000000, "yaw": 1.6100000000, "pitch": 0.0000000000, "roll": 0.0000000000 },
"extend": false
},
{
"time": "8/6/2012 1:56:35 PM",
"covariance": [57.1899368571, 1.7619152020, 0.0050883903, 1.7619152020, 7.4937468763, -0.0166060768, 0.0050883903, -0.0166060768, 0.0000291492],
"ins": {"x": 22360.0000000000, "y": -8710.0000000000, "z": 1470.0000000000, "yaw": 1.6100000000, "roll": 6.2800000000, "pitch": 0.0000000000 },
"slam": {"x": 22462.2573616139, "y": -8704.3379651080, "yaw": 1.6000358139 },
"groundtruth": {"x": 22270.0000000000, "y": -8690.0000000000, "z": 1720.0000000000, "yaw": 1.6000000000, "pitch": 0.0000000000, "roll": 0.0000000000 },
"extend": false
},
{
"time": "8/6/2012 1:56:35 PM",
"covariance": [57.4315102700, -6.9381786859, 0.0112098902, -6.9381786859, 27.7319073124, -0.0269463494, 0.0112098902, -0.0269463494, 0.0000307281],
"ins": {"x": 22350.0000000000, "y": -8090.0000000000, "z": 1460.0000000000, "yaw": 1.6100000000, "roll": 6.2800000000, "pitch": 0.0100000000 },
"slam": {"x": 22460.3825910593, "y": -8091.7855982591, "yaw": 1.5969000287 },
"groundtruth": {"x": 22260.0000000000, "y": -8070.0000000000, "z": 1720.0000000000, "yaw": 1.6000000000, "pitch": 0.0100000000, "roll": 0.0000000000 },
"extend": true
},
{
"time": "8/6/2012 1:56:35 PM",
"covariance": [51.5014309108, -6.9917093582, 0.0016422207, -6.9917093582, 28.6502249689, -0.0264120491, 0.0016422207, -0.0264120491, 0.0000293066],
"ins": {"x": 22340.0000000000, "y": -7440.0000000000, "z": 1480.0000000000, "yaw": 1.6000000000, "roll": 0.0000000000, "pitch": 0.0100000000 },
"slam": {"x": 22453.2515179101, "y": -7442.0666676744, "yaw": 1.5802911339 },
"groundtruth": {"x": 22240.0000000000, "y": -7360.0000000000, "z": 1720.0000000000, "yaw": 1.5800000000, "pitch": 0.0100000000, "roll": 0.0000000000 },
"extend": true
},
{
"time": "8/6/2012 1:56:35 PM",
"covariance": [8.9382213321, -3.5001412750, -0.0022659683, -3.5001412750, 31.3841631584, -0.0254882716, -0.0022659683, -0.0254882716, 0.0000249228],
"ins": {"x": 22330.0000000000, "y": -6670.0000000000, "z": 1490.0000000000, "yaw": 1.5800000000, "roll": 0.0000000000, "pitch": 0.0200000000 },
"slam": {"x": 22454.0563666957, "y": -6753.7774124440, "yaw": 1.5712344037 },
"groundtruth": {"x": 22240.0000000000, "y": -6670.0000000000, "z": 1720.0000000000, "yaw": 1.5700000000, "pitch": 0.0100000000, "roll": 0.0000000000 },
"extend": true
},
{
"time": "8/6/2012 1:56:36 PM",
"covariance": [59.7220592497, 20.6860523046, -0.0154056692, 20.6860523046, 61.0790997983, -0.0468746938, -0.0154056692, -0.0468746938, 0.0000419578],
"ins": {"x": 22320.0000000000, "y": -6030.0000000000, "z": 1500.0000000000, "yaw": 1.5900000000, "roll": 6.2800000000, "pitch": 0.0100000000 },
"slam": {"x": 22449.0870191675, "y": -6040.8779866924, "yaw": 1.5894223617 },
"groundtruth": {"x": 22220.0000000000, "y": -5960.0000000000, "z": 1720.0000000000, "yaw": 1.5900000000, "pitch": 0.0100000000, "roll": 0.0000000000 },
"extend": true
},
{
"time": "8/6/2012 1:56:36 PM",
"covariance": [-79.7556171840, 23.7397842326, -0.0073211929, 23.7397842326, 4.8899125534, -0.0093403169, -0.0073211929, -0.0093403169, 0.0000133577],
"ins": {"x": 22330.0000000000, "y": -5880.0000000000, "z": 1500.0000000000, "yaw": 1.6000000000, "roll": 0.0000000000, "pitch": 0.0100000000 },
"slam": {"x": 22447.9440453870, "y": -5948.2909146495, "yaw": 1.5930354053 },
"groundtruth": {"x": 22220.0000000000, "y": -5870.0000000000, "z": 1720.0000000000, "yaw": 1.5900000000, "pitch": 0.0000000000, "roll": 0.0000000000 },
"extend": false
},
{
"time": "8/6/2012 1:56:36 PM",
"covariance": [-77.5649241210, 23.9191388210, -0.0075244555, 23.9191388210, 4.9075054689, -0.0094679496, -0.0075244555, -0.0094679496, 0.0000136065],
"ins": {"x": 22330.0000000000, "y": -5880.0000000000, "z": 1500.0000000000, "yaw": 1.6000000000, "roll": 0.0000000000, "pitch": 0.0100000000 },
"slam": {"x": 22447.9298468870, "y": -5948.4593694498, "yaw": 1.5924853495 },
"groundtruth": {"x": 22220.0000000000, "y": -5870.0000000000, "z": 1720.0000000000, "yaw": 1.5900000000, "pitch": 0.0000000000, "roll": 0.0000000000 },
"extend": false
},
{
"time": "8/6/2012 1:56:36 PM",
"covariance": [-77.5119162208, 22.1332879807, -0.0062745339, 22.1332879807, 5.1561363492, -0.0090703449, -0.0062745339, -0.0090703449, 0.0000125282],
"ins": {"x": 22330.0000000000, "y": -5890.0000000000, "z": 1490.0000000000, "yaw": 1.6700000000, "roll": 0.0000000000, "pitch": 0.0100000000 },
"slam": {"x": 22459.6318109579, "y": -5954.6662576257, "yaw": 1.6675218443 },
"groundtruth": {"x": 22220.0000000000, "y": -5870.0000000000, "z": 1720.0000000000, "yaw": 1.6700000000, "pitch": 0.0000000000, "roll": 0.0000000000 },
"extend": false
},
{
"time": "8/6/2012 1:56:36 PM",
"covariance": [-75.7898353964, 20.9092983162, -0.0047531249, 20.9092983162, 9.1651109784, -0.0112564855, -0.0047531249, -0.0112564855, 0.0000125303],
"ins": {"x": 22340.0000000000, "y": -5890.0000000000, "z": 1490.0000000000, "yaw": 1.9800000000, "roll": 6.2800000000, "pitch": 0.0100000000 },
"slam": {"x": 22495.3516260748, "y": -5957.2311085833, "yaw": 1.9609299971 },
"groundtruth": {"x": 22240.0000000000, "y": -5880.0000000000, "z": 1720.0000000000, "yaw": 1.9600000000, "pitch": 0.0000000000, "roll": 0.0000000000 },
"extend": false
},
{
"time": "8/6/2012 1:56:37 PM",
"covariance": [-74.7231624238, 20.1290744676, -0.0047480532, 20.1290744676, 9.3361481772, -0.0112627237, -0.0047480532, -0.0112627237, 0.0000125390],
"ins": {"x": 22350.0000000000, "y": -5890.0000000000, "z": 1490.0000000000, "yaw": 1.9700000000, "roll": 6.2800000000, "pitch": 0.0100000000 },
"slam": {"x": 22496.0021615148, "y": -5959.4694964805, "yaw": 1.9610589716 },
"groundtruth": {"x": 22240.0000000000, "y": -5880.0000000000, "z": 1720.0000000000, "yaw": 1.9600000000, "pitch": 0.0000000000, "roll": 0.0000000000 },
"extend": false
},
{
"time": "8/6/2012 1:56:37 PM",
"covariance": [-74.2293702462, 20.3892226212, -0.0048009857, 20.3892226212, 9.1207791766, -0.0111186231, -0.0048009857, -0.0111186231, 0.0000123643],
"ins": {"x": 22350.0000000000, "y": -5900.0000000000, "z": 1490.0000000000, "yaw": 1.9700000000, "roll": 6.2800000000, "pitch": 0.0100000000 },
"slam": {"x": 22496.9012513904, "y": -5959.5067076288, "yaw": 1.9611112375 },
"groundtruth": {"x": 22240.0000000000, "y": -5880.0000000000, "z": 1720.0000000000, "yaw": 1.9600000000, "pitch": 0.0000000000, "roll": 0.0000000000 },
"extend": false
},
{
"time": "8/6/2012 1:56:37 PM",
"covariance": [-75.9764518257, 20.3664595569, -0.0046426986, 20.3664595569, 9.1918071108, -0.0110996282, -0.0046426986, -0.0110996282, 0.0000122489],
"ins": {"x": 22350.0000000000, "y": -5900.0000000000, "z": 1490.0000000000, "yaw": 1.9700000000, "roll": 6.2800000000, "pitch": 0.0100000000 },
"slam": {"x": 22497.2547193172, "y": -5959.9324394059, "yaw": 1.9611098952 },
"groundtruth": {"x": 22240.0000000000, "y": -5880.0000000000, "z": 1720.0000000000, "yaw": 1.9600000000, "pitch": 0.0000000000, "roll": 0.0000000000 },
"extend": false
},
{
"time": "8/6/2012 1:56:37 PM",
"covariance": [-75.7423849519, 20.4531855003, -0.0041122773, 20.4531855003, 9.2153266185, -0.0112435678, -0.0041122773, -0.0112435678, 0.0000123381],
"ins": {"x": 22340.0000000000, "y": -5890.0000000000, "z": 1490.0000000000, "yaw": 1.9900000000, "roll": 0.0000000000, "pitch": 0.0100000000 },
"slam": {"x": 22503.0015615519, "y": -5962.0269042440, "yaw": 2.0195697173 },
"groundtruth": {"x": 22240.0000000000, "y": -5890.0000000000, "z": 1720.0000000000, "yaw": 2.0200000000, "pitch": 0.0000000000, "roll": 0.0000000000 },
"extend": false
},
{
"time": "8/6/2012 1:56:37 PM",
"covariance": [-96.2185958348, 21.0914663458, -0.0042658476, 21.0914663458, 16.7723036397, -0.0162862221, -0.0042658476, -0.0162862221, 0.0000154402],
"ins": {"x": 22370.0000000000, "y": -5930.0000000000, "z": 1490.0000000000, "yaw": 2.2800000000, "roll": 0.0000000000, "pitch": 0.0100000000 },
"slam": {"x": 22540.5476973029, "y": -5984.1367585370, "yaw": 2.2739882234 },
"groundtruth": {"x": 22260.0000000000, "y": -5920.0000000000, "z": 1720.0000000000, "yaw": 2.2800000000, "pitch": 0.0000000000, "roll": 0.0000000000 },
"extend": true
},
{
"time": "8/6/2012 1:56:38 PM",
"covariance": [-27.6185335924, 31.2218671500, 0.0065625880, 31.2218671500, -30.8694693549, -0.0099192739, 0.0065625880, -0.0099192739, 0.0000166170],
"ins": {"x": 22350.0000000000, "y": -5920.0000000000, "z": 1490.0000000000, "yaw": 2.5400000000, "roll": 0.0000000000, "pitch": 0.0100000000 },
"slam": {"x": 22538.4073802805, "y": -5953.5782645897, "yaw": 2.6148531099 },
"groundtruth": {"x": 22240.0000000000, "y": -5910.0000000000, "z": 1720.0000000000, "yaw": 2.6200000000, "pitch": 0.0000000000, "roll": 0.0000000000 },
"extend": false
},
{
"time": "8/6/2012 1:56:38 PM",
"covariance": [10.7731457423, -7.2174177847, 0.0005694885, -7.2174177847, 8.6117128651, -0.0004880984, 0.0005694885, -0.0004880984, 0.0000006293],
"ins": {"x": 22300.0000000000, "y": -5910.0000000000, "z": 1490.0000000000, "yaw": 2.9500000000, "roll": 0.0000000000, "pitch": 0.0100000000 },
"slam": {"x": 22492.6185017466, "y": -5910.3704257724, "yaw": 2.9549277500 },
"groundtruth": {"x": 22180.0000000000, "y": -5890.0000000000, "z": 1720.0000000000, "yaw": 2.9600000000, "pitch": 0.0000000000, "roll": 0.0000000000 },
"extend": true
},
{
"time": "8/6/2012 1:56:38 PM",
"covariance": [17.1596004897, -23.1256011844, 0.0340186482, -23.1256011844, -126.5628243219, -0.0863059567, 0.0340186482, -0.0863059567, 0.0000735426],
