{
"time": "7/2/2012 3:50:11 PM",
"covariance": [90.0580398004, 0.1377579351, -0.0005946032, 0.1377579351, 4.9125444978, -0.0023470904, -0.0005946032, -0.0023470904, 0.0000016379],
"ins": {"x": 21090.0000000000, "y": -20870.0000000000, "z": 1420.0000000000, "yaw": 1.5700000000, "roll": 0.0000000000, "pitch": 0.0000000000 },
"slam": {"x": 21099.6729021512, "y": -20861.3404902521, "yaw": 1.5695134487 },
"groundtruth": {"x": 21080.0000000000, "y": -20850.0000000000, "z": 1720.0000000000, "yaw": 1.5700000000, "pitch": 0.0000000000, "roll": 0.0000000000 }
"extend": true
},
{
"time": "7/2/2012 3:50:11 PM",
"covariance": [72.6467148510, -0.1520023892, -0.0002916118, -0.1520023892, 4.0509528042, -0.0020212059, -0.0002916118, -0.0020212059, 0.0000014527],
"ins": {"x": 21100.0000000000, "y": -20210.0000000000, "z": 1400.0000000000, "yaw": 1.6000000000, "roll": 6.2800000000, "pitch": 0.0100000000 },
"slam": {"x": 21089.8096264259, "y": -20204.7169212991, "yaw": 1.5989413925 },
"groundtruth": {"x": 21060.0000000000, "y": -20150.0000000000, "z": 1720.0000000000, "yaw": 1.6000000000, "pitch": 0.0100000000, "roll": 0.0000000000 }
"extend": true
},
{
"time": "7/2/2012 3:50:11 PM",
"covariance": [95.4587465713, -1.6870925781, -0.0006119236, -1.6870925781, 4.4716758300, -0.0021995855, -0.0006119236, -0.0021995855, 0.0000015090],
"ins": {"x": 21070.0000000000, "y": -19450.0000000000, "z": 1380.0000000000, "yaw": 1.6000000000, "roll": 6.2800000000, "pitch": 0.0200000000 },
"slam": {"x": 21077.8104201278, "y": -19455.6342624553, "yaw": 1.6012880688 },
"groundtruth": {"x": 21040.0000000000, "y": -19440.0000000000, "z": 1710.0000000000, "yaw": 1.6000000000, "pitch": 0.0200000000, "roll": 0.0000000000 }
"extend": true
},
{
"time": "7/2/2012 3:50:11 PM",
"covariance": [71.0875419896, -2.1565563381, -0.0003238782, -2.1565563381, 3.7640907037, -0.0019384103, -0.0003238782, -0.0019384103, 0.0000015050],
"ins": {"x": 21060.0000000000, "y": -18860.0000000000, "z": 1390.0000000000, "yaw": 1.6100000000, "roll": 0.0000000000, "pitch": 0.0200000000 },
"slam": {"x": 21052.7976206624, "y": -18873.3224883486, "yaw": 1.6218196775 },
"groundtruth": {"x": 21010.0000000000, "y": -18740.0000000000, "z": 1720.0000000000, "yaw": 1.6200000000, "pitch": 0.0100000000, "roll": 0.0000000000 }
"extend": true
},
{
"time": "7/2/2012 3:50:11 PM",
"covariance": [58.6895357185, -2.2874574246, -0.0004088360, -2.2874574246, 2.7770966526, -0.0013478927, -0.0004088360, -0.0013478927, 0.0000011205],
"ins": {"x": 21070.0000000000, "y": -18440.0000000000, "z": 1400.0000000000, "yaw": 1.5600000000, "roll": 0.0000000000, "pitch": 0.0000000000 },
"slam": {"x": 21036.5915971893, "y": -18464.7567810256, "yaw": 1.5662880768 },
"groundtruth": {"x": 20990.0000000000, "y": -18420.0000000000, "z": 1720.0000000000, "yaw": 1.5700000000, "pitch": 0.0000000000, "roll": 0.0000000000 }
"extend": true
},
{
"time": "7/2/2012 3:50:12 PM",
"covariance": [34.7328607371, -0.5291709669, 0.0000434881, -0.5291709669, 1.0727753814, -0.0003009879, 0.0000434881, -0.0003009879, 0.0000005085],
"ins": {"x": 21060.0000000000, "y": -18470.0000000000, "z": 1390.0000000000, "yaw": 1.1800000000, "roll": 6.2800000000, "pitch": 0.0000000000 },
"slam": {"x": 20988.0486853269, "y": -18482.7848193488, "yaw": 1.1806690645 },
"groundtruth": {"x": 20970.0000000000, "y": -18460.0000000000, "z": 1720.0000000000, "yaw": 1.1800000000, "pitch": 0.0000000000, "roll": 0.0000000000 }
"extend": true
},
{
"time": "7/2/2012 3:50:12 PM",
"covariance": [24.5540666023, 9.0628434741, 0.0003157828, 9.0628434741, 4.7421493937, -0.0003278840, 0.0003157828, -0.0003278840, 0.0000005079],
"ins": {"x": 21050.0000000000, "y": -18480.0000000000, "z": 1390.0000000000, "yaw": 1.1800000000, "roll": 0.0000000000, "pitch": 0.0000000000 },
"slam": {"x": 20987.6010727019, "y": -18481.8252183844, "yaw": 1.1805910558 },
"groundtruth": {"x": 20970.0000000000, "y": -18470.0000000000, "z": 1720.0000000000, "yaw": 1.1800000000, "pitch": 0.0000000000, "roll": 0.0000000000 }
"extend": false
},
{
"time": "7/2/2012 3:50:12 PM",
"covariance": [41.6249134726, 9.9511307576, 0.0014265530, 9.9511307576, 7.0381002402, -0.0016833413, 0.0014265530, -0.0016833413, 0.0000017380],
"ins": {"x": 21220.0000000000, "y": -18030.0000000000, "z": 1420.0000000000, "yaw": 1.1900000000, "roll": 6.2800000000, "pitch": 0.0200000000 },
"slam": {"x": 21199.8842012286, "y": -18028.5866102965, "yaw": 1.1836921068 },
"groundtruth": {"x": 21180.0000000000, "y": -17930.0000000000, "z": 1720.0000000000, "yaw": 1.1900000000, "pitch": 0.0000000000, "roll": 0.0000000000 }
"extend": true
},
{
"time": "7/2/2012 3:50:12 PM",
"covariance": [55.6866302361, 16.4462427682, 0.0010285628, 16.4462427682, 9.4545548536, -0.0015998176, 0.0010285628, -0.0015998176, 0.0000013422],
"ins": {"x": 21520.0000000000, "y": -17290.0000000000, "z": 1450.0000000000, "yaw": 1.1800000000, "roll": 6.2800000000, "pitch": 0.0100000000 },
"slam": {"x": 21474.4853921639, "y": -17301.2521691331, "yaw": 1.1765010388 },
"groundtruth": {"x": 21450.0000000000, "y": -17270.0000000000, "z": 1720.0000000000, "yaw": 1.1800000000, "pitch": 0.0100000000, "roll": 0.0000000000 }
"extend": true
},
{
"time": "7/2/2012 3:50:12 PM",
"covariance": [45.8682170281, 14.0988809735, 0.0016037032, 14.0988809735, 7.6332068032, -0.0009485899, 0.0016037032, -0.0009485899, 0.0000011688],
"ins": {"x": 21610.0000000000, "y": -17020.0000000000, "z": 1440.0000000000, "yaw": 1.4700000000, "roll": 6.2800000000, "pitch": 0.0000000000 },
"slam": {"x": 21616.8111649977, "y": -17029.4826614078, "yaw": 1.5227094589 },
"groundtruth": {"x": 21560.0000000000, "y": -17010.0000000000, "z": 1720.0000000000, "yaw": 1.5300000000, "pitch": 0.0000000000, "roll": 0.0000000000 }
"extend": true
},
{
"time": "7/2/2012 3:50:13 PM",
"covariance": [42.4491974308, 3.2515106739, 0.0002239113, 3.2515106739, 2.5388376693, -0.0008508305, 0.0002239113, -0.0008508305, 0.0000012390],
"ins": {"x": 21610.0000000000, "y": -17020.0000000000, "z": 1440.0000000000, "yaw": 1.7200000000, "roll": 0.0000000000, "pitch": 0.0000000000 },
"slam": {"x": 21632.3659895440, "y": -17041.1748507567, "yaw": 1.7181799192 },
"groundtruth": {"x": 21560.0000000000, "y": -17010.0000000000, "z": 1720.0000000000, "yaw": 1.7200000000, "pitch": 0.0000000000, "roll": 0.0000000000 }
"extend": true
},
{
"time": "7/2/2012 3:50:13 PM",
"covariance": [42.9706160490, -6.3999505110, -0.0000604930, -6.3999505110, 2.7430001860, -0.0007443504, -0.0000604930, -0.0007443504, 0.0000007041],
"ins": {"x": 21610.0000000000, "y": -17030.0000000000, "z": 1440.0000000000, "yaw": 1.7200000000, "roll": 0.0000000000, "pitch": 0.0000000000 },
"slam": {"x": 21632.7712040376, "y": -17040.0612526704, "yaw": 1.7184007809 },
"groundtruth": {"x": 21560.0000000000, "y": -17010.0000000000, "z": 1720.0000000000, "yaw": 1.7200000000, "pitch": 0.0000000000, "roll": 0.0000000000 }
"extend": false
},
{
"time": "7/2/2012 3:50:13 PM",
"covariance": [50.8709389274, -2.4221564727, -0.0014303798, -2.4221564727, 5.4879916990, -0.0025329363, -0.0014303798, -0.0025329363, 0.0000019078],
"ins": {"x": 21560.0000000000, "y": -16390.0000000000, "z": 1430.0000000000, "yaw": 1.7000000000, "roll": 6.2800000000, "pitch": 0.0500000000 },
"slam": {"x": 21562.6297777865, "y": -16399.2526305633, "yaw": 1.7001624471 },
"groundtruth": {"x": 21480.0000000000, "y": -16350.0000000000, "z": 1710.0000000000, "yaw": 1.7000000000, "pitch": 0.0400000000, "roll": 0.0000000000 }
"extend": true
},
{
"time": "7/2/2012 3:50:13 PM",
"covariance": [52.8685668299, -2.5319676447, -0.0016664342, -2.5319676447, 4.7256818749, -0.0020646634, -0.0016664342, -0.0020646634, 0.0000015107],
"ins": {"x": 21490.0000000000, "y": -15790.0000000000, "z": 1420.0000000000, "yaw": 1.7000000000, "roll": 0.0000000000, "pitch": 0.0100000000 },
"slam": {"x": 21496.0848978610, "y": -15819.7293628472, "yaw": 1.6877984600 },
"groundtruth": {"x": 21410.0000000000, "y": -15770.0000000000, "z": 1720.0000000000, "yaw": 1.6900000000, "pitch": 0.0000000000, "roll": 0.0000000000 }
"extend": true
},
{
"time": "7/2/2012 3:50:13 PM",
"covariance": [52.1035834910, -4.6791299807, -0.0009949556, -4.6791299807, 2.4961401567, -0.0007880066, -0.0009949556, -0.0007880066, 0.0000008278],
"ins": {"x": 21490.0000000000, "y": -15800.0000000000, "z": 1420.0000000000, "yaw": 1.4700000000, "roll": 0.0000000000, "pitch": 0.0000000000 },
"slam": {"x": 21475.3470182954, "y": -15810.1983866884, "yaw": 1.4776482013 },
"groundtruth": {"x": 21400.0000000000, "y": -15780.0000000000, "z": 1720.0000000000, "yaw": 1.4800000000, "pitch": 0.0000000000, "roll": 0.0000000000 }
"extend": true
},
{
"time": "7/2/2012 3:50:14 PM",
"covariance": [51.8654979027, 2.5707110623, -0.0001914481, 2.5707110623, 1.8670330383, -0.0005637562, -0.0001914481, -0.0005637562, 0.0000007273],
"ins": {"x": 21500.0000000000, "y": -15780.0000000000, "z": 1420.0000000000, "yaw": 1.2100000000, "roll": 0.0000000000, "pitch": 0.0000000000 },
"slam": {"x": 21466.6956009077, "y": -15797.3829820109, "yaw": 1.1768079879 },
"groundtruth": {"x": 21420.0000000000, "y": -15750.0000000000, "z": 1720.0000000000, "yaw": 1.1800000000, "pitch": 0.0000000000, "roll": 0.0000000000 }
"extend": true
},
{
"time": "7/2/2012 3:50:14 PM",
"covariance": [50.2916846337, 15.7866532232, 0.0000264306, 15.7866532232, 8.0774153178, -0.0009168497, 0.0000264306, -0.0009168497, 0.0000010701],
"ins": {"x": 21700.0000000000, "y": -15440.0000000000, "z": 1420.0000000000, "yaw": 1.0100000000, "roll": 0.0000000000, "pitch": 0.0100000000 },
"slam": {"x": 21660.5799831846, "y": -15501.8464554555, "yaw": 1.0168993178 },
"groundtruth": {"x": 21620.0000000000, "y": -15410.0000000000, "z": 1720.0000000000, "yaw": 1.0200000000, "pitch": 0.0000000000, "roll": 0.0000000000 }
"extend": true
},
{
"time": "7/2/2012 3:50:14 PM",
"covariance": [38.8905830099, 16.7283659842, 0.0008612269, 16.7283659842, 12.7565067705, -0.0016467130, 0.0008612269, -0.0016467130, 0.0000013205],
"ins": {"x": 22050.0000000000, "y": -14890.0000000000, "z": 1430.0000000000, "yaw": 1.0100000000, "roll": 0.0000000000, "pitch": 0.0100000000 },
"slam": {"x": 22045.6339837275, "y": -14918.8784431434, "yaw": 1.0169439362 },
"groundtruth": {"x": 22000.0000000000, "y": -14800.0000000000, "z": 1720.0000000000, "yaw": 1.0200000000, "pitch": 0.0000000000, "roll": 0.0000000000 }
"extend": true
},
{
"time": "7/2/2012 3:50:14 PM",
"covariance": [37.3002109311, 17.7501333825, 0.0008301001, 17.7501333825, 13.8218521886, -0.0016068326, 0.0008301001, -0.0016068326, 0.0000011934],
"ins": {"x": 22500.0000000000, "y": -14190.0000000000, "z": 1420.0000000000, "yaw": 1.0100000000, "roll": 0.0000000000, "pitch": 0.0100000000 },
"slam": {"x": 22436.5861846815, "y": -14215.1667379825, "yaw": 1.0112943258 },
"groundtruth": {"x": 22380.0000000000, "y": -14180.0000000000, "z": 1720.0000000000, "yaw": 1.0200000000, "pitch": 0.0000000000, "roll": 0.0000000000 }
"extend": true
},
{
"time": "7/2/2012 3:50:14 PM",
"covariance": [36.1894804985, 18.7090671122, 0.0007549818, 18.7090671122, 13.4933617966, -0.0010679568, 0.0007549818, -0.0010679568, 0.0000009947],
"ins": {"x": 22660.0000000000, "y": -13890.0000000000, "z": 1430.0000000000, "yaw": 1.0100000000, "roll": 0.0000000000, "pitch": 0.0100000000 },
"slam": {"x": 22615.5983335300, "y": -13907.5002478876, "yaw": 1.0151638096 },
"groundtruth": {"x": 22550.0000000000, "y": -13890.0000000000, "z": 1720.0000000000, "yaw": 1.0200000000, "pitch": 0.0000000000, "roll": 0.0000000000 }
"extend": true
},
{
"time": "7/2/2012 3:50:15 PM",
"covariance": [26.9012241397, 15.7335023728, -0.0001397456, 15.7335023728, 10.8972233770, -0.0006306299, -0.0001397456, -0.0006306299, 0.0000005761],
"ins": {"x": 22660.0000000000, "y": -13890.0000000000, "z": 1430.0000000000, "yaw": 1.1000000000, "roll": 0.0000000000, "pitch": 0.0100000000 },
"slam": {"x": 22615.6302359076, "y": -13906.7184488110, "yaw": 1.1066572722 },
"groundtruth": {"x": 22550.0000000000, "y": -13900.0000000000, "z": 1720.0000000000, "yaw": 1.1100000000, "pitch": 0.0000000000, "roll": 0.0000000000 }
"extend": true
},
{
"time": "7/2/2012 3:50:15 PM",
"covariance": [37.7754986190, 16.4761925255, 0.0011641749, 16.4761925255, 10.2811870781, -0.0007920238, 0.0011641749, -0.0007920238, 0.0000013596],
"ins": {"x": 22650.0000000000, "y": -13940.0000000000, "z": 1430.0000000000, "yaw": 1.3800000000, "roll": 0.0000000000, "pitch": 0.0000000000 },
"slam": {"x": 22624.1530271269, "y": -13922.5561338803, "yaw": 1.3871411113 },
"groundtruth": {"x": 22530.0000000000, "y": -13960.0000000000, "z": 1720.0000000000, "yaw": 1.3900000000, "pitch": 0.0000000000, "roll": 0.0000000000 }
"extend": true
},
{
"time": "7/2/2012 3:50:15 PM",
"covariance": [34.2018406476, 7.7137684913, -0.0004568024, 7.7137684913, 4.5131811038, -0.0011182193, -0.0004568024, -0.0011182193, 0.0000018623],
"ins": {"x": 22650.0000000000, "y": -13950.0000000000, "z": 1430.0000000000, "yaw": 1.3800000000, "roll": 6.2800000000, "pitch": 0.0000000000 },
"slam": {"x": 22623.6540116382, "y": -13944.8586093377, "yaw": 1.3867683888 },
"groundtruth": {"x": 22530.0000000000, "y": -13960.0000000000, "z": 1720.0000000000, "yaw": 1.3900000000, "pitch": 0.0000000000, "roll": 0.0000000000 }
"extend": false
},
{
"time": "7/2/2012 3:50:15 PM",
"covariance": [34.9174417855, 7.0781120758, -0.0001491963, 7.0781120758, 4.0020490913, -0.0009543673, -0.0001491963, -0.0009543673, 0.0000028581],
"ins": {"x": 22650.0000000000, "y": -13960.0000000000, "z": 1430.0000000000, "yaw": 1.3800000000, "roll": 6.2800000000, "pitch": 0.0000000000 },
"slam": {"x": 22623.8679289889, "y": -13964.8898659701, "yaw": 1.3867992803 },
"groundtruth": {"x": 22530.0000000000, "y": -13960.0000000000, "z": 1720.0000000000, "yaw": 1.3900000000, "pitch": 0.0000000000, "roll": 0.0000000000 }
"extend": false
},
{
"time": "7/2/2012 3:50:15 PM",
"covariance": [35.1094698197, 7.0303007445, -0.0001886236, 7.0303007445, 3.9225257912, -0.0009977568, -0.0001886236, -0.0009977568, 0.0000027849],
"ins": {"x": 22650.0000000000, "y": -13960.0000000000, "z": 1430.0000000000, "yaw": 1.3800000000, "roll": 6.2800000000, "pitch": 0.0000000000 },
"slam": {"x": 22623.6075311427, "y": -13965.2427495579, "yaw": 1.3866503666 },
"groundtruth": {"x": 22530.0000000000, "y": -13960.0000000000, "z": 1720.0000000000, "yaw": 1.3900000000, "pitch": 0.0000000000, "roll": 0.0000000000 }
"extend": false
},
{
"time": "7/2/2012 3:50:16 PM",
"covariance": [35.1094698197, 7.0303007445, -0.0001886236, 7.0303007445, 3.9225257912, -0.0009977568, -0.0001886236, -0.0009977568, 0.0000027849],
"ins": {"x": 22650.0000000000, "y": -13960.0000000000, "z": 1430.0000000000, "yaw": 1.3800000000, "roll": 6.2800000000, "pitch": 0.0000000000 },
"slam": {"x": 22623.6075311427, "y": -13965.2427495579, "yaw": 1.3866503666 },
"groundtruth": {"x": 22530.0000000000, "y": -13960.0000000000, "z": 1720.0000000000, "yaw": 1.3900000000, "pitch": 0.0000000000, "roll": 0.0000000000 }
"extend": false
},
{
"time": "7/2/2012 3:50:16 PM",
"covariance": [35.1094698197, 7.0303007445, -0.0001886236, 7.0303007445, 3.9225257912, -0.0009977568, -0.0001886236, -0.0009977568, 0.0000027849],
"ins": {"x": 22650.0000000000, "y": -13960.0000000000, "z": 1430.0000000000, "yaw": 1.3800000000, "roll": 6.2800000000, "pitch": 0.0000000000 },
"slam": {"x": 22623.6075311427, "y": -13965.2427495579, "yaw": 1.3866503666 },
"groundtruth": {"x": 22530.0000000000, "y": -13960.0000000000, "z": 1720.0000000000, "yaw": 1.3900000000, "pitch": 0.0000000000, "roll": 0.0000000000 }
"extend": false
},
{
"time": "7/2/2012 3:50:16 PM",
"covariance": [36.1357952864, 9.8185437288, -0.0008938642, 9.8185437288, 7.2067317857, -0.0023501902, -0.0008938642, -0.0023501902, 0.0000019917],
"ins": {"x": 22730.0000000000, "y": -13520.0000000000, "z": 1440.0000000000, "yaw": 1.3600000000, "roll": 6.2800000000, "pitch": 0.0100000000 },
"slam": {"x": 22731.6647448240, "y": -13521.2205657080, "yaw": 1.3691212520 },
"groundtruth": {"x": 22640.0000000000, "y": -13450.0000000000, "z": 1720.0000000000, "yaw": 1.3700000000, "pitch": 0.0100000000, "roll": 0.0000000000 }
"extend": true
},
{
"time": "7/2/2012 3:50:16 PM",
"covariance": [41.0949857857, 14.9365663615, -0.0024857358, 14.9365663615, 11.6939997807, -0.0039226439, -0.0024857358, -0.0039226439, 0.0000022152],
"ins": {"x": 22870.0000000000, "y": -12740.0000000000, "z": 1430.0000000000, "yaw": 1.3500000000, "roll": 0.0000000000, "pitch": 0.0400000000 },
"slam": {"x": 22886.9860339223, "y": -12743.5233276453, "yaw": 1.3590185140 },
"groundtruth": {"x": 22780.0000000000, "y": -12750.0000000000, "z": 1710.0000000000, "yaw": 1.3600000000, "pitch": 0.0300000000, "roll": 0.0000000000 }
"extend": true
},
{
"time": "7/2/2012 3:50:17 PM",
"covariance": [48.5712530078, 11.9615984770, -0.0009104164, 11.9615984770, 7.9691003889, -0.0027633739, -0.0009104164, -0.0027633739, 0.0000017435],
"ins": {"x": 23000.0000000000, "y": -12110.0000000000, "z": 1430.0000000000, "yaw": 1.3500000000, "roll": 0.0000000000, "pitch": 0.0300000000 },
"slam": {"x": 23042.8142546718, "y": -12085.9830123394, "yaw": 1.3617384041 },
"groundtruth": {"x": 22930.0000000000, "y": -12070.0000000000, "z": 1720.0000000000, "yaw": 1.3600000000, "pitch": 0.0100000000, "roll": 0.0000000000 }
"extend": true
},
{
"time": "7/2/2012 3:50:17 PM",
"covariance": [31.0804780909, 6.4676434754, -0.0001358041, 6.4676434754, 3.5053416522, -0.0010438696, -0.0001358041, -0.0010438696, 0.0000010038],
"ins": {"x": 23060.0000000000, "y": -11910.0000000000, "z": 1440.0000000000, "yaw": 1.7800000000, "roll": 0.0000000000, "pitch": 0.0100000000 },
"slam": {"x": 23105.6233171379, "y": -11910.5961949227, "yaw": 1.7737189236 },
"groundtruth": {"x": 22950.0000000000, "y": -11930.0000000000, "z": 1720.0000000000, "yaw": 1.7800000000, "pitch": 0.0000000000, "roll": 0.0000000000 }
"extend": true
},
{
"time": "7/2/2012 3:50:17 PM",
"covariance": [21.1218226294, -2.3623445104, -0.0009319630, -2.3623445104, 2.4457469995, -0.0007266076, -0.0009319630, -0.0007266076, 0.0000011535],
"ins": {"x": 23060.0000000000, "y": -11920.0000000000, "z": 1440.0000000000, "yaw": 1.9300000000, "roll": 6.2800000000, "pitch": 0.0000000000 },
"slam": {"x": 23114.4469410701, "y": -11999.6204454688, "yaw": 1.9253412438 },
"groundtruth": {"x": 22950.0000000000, "y": -11930.0000000000, "z": 1720.0000000000, "yaw": 1.9300000000, "pitch": 0.0000000000, "roll": 0.0000000000 }
"extend": true
},
{
"time": "7/2/2012 3:50:17 PM",
"covariance": [16.1757626604, -3.5461037768, -0.0012727680, -3.5461037768, 4.4129327806, -0.0014250318, -0.0012727680, -0.0014250318, 0.0000022384],
"ins": {"x": 23060.0000000000, "y": -11920.0000000000, "z": 1440.0000000000, "yaw": 1.9300000000, "roll": 6.2800000000, "pitch": 0.0000000000 },
"slam": {"x": 23115.1522906713, "y": -11920.4621300126, "yaw": 1.9253082508 },
"groundtruth": {"x": 22950.0000000000, "y": -11930.0000000000, "z": 1720.0000000000, "yaw": 1.9300000000, "pitch": 0.0000000000, "roll": 0.0000000000 }
"extend": false
},
{
"time": "7/2/2012 3:50:17 PM",
"covariance": [16.1757626604, -3.5461037768, -0.0012727680, -3.5461037768, 4.4129327806, -0.0014250318, -0.0012727680, -0.0014250318, 0.0000022384],
"ins": {"x": 23060.0000000000, "y": -11920.0000000000, "z": 1440.0000000000, "yaw": 1.9300000000, "roll": 6.2800000000, "pitch": 0.0000000000 },
"slam": {"x": 23115.1522906713, "y": -11920.4621300126, "yaw": 1.9253082508 },
"groundtruth": {"x": 22950.0000000000, "y": -11930.0000000000, "z": 1720.0000000000, "yaw": 1.9300000000, "pitch": 0.0000000000, "roll": 0.0000000000 }
"extend": false
},
{
"time": "7/2/2012 3:50:18 PM",
"covariance": [36.4505114470, -7.4567728131, -0.0015947259, -7.4567728131, 7.2733103942, -0.0022290731, -0.0015947259, -0.0022290731, 0.0000019430],
"ins": {"x": 22850.0000000000, "y": -11290.0000000000, "z": 1450.0000000000, "yaw": 1.9200000000, "roll": 0.0000000000, "pitch": 0.0300000000 },
"slam": {"x": 22903.2229042940, "y": -11289.0509867312, "yaw": 1.9142110395 },
"groundtruth": {"x": 22730.0000000000, "y": -11320.0000000000, "z": 1710.0000000000, "yaw": 1.9200000000, "pitch": 0.0200000000, "roll": 0.0000000000 }
"extend": true
},
{
"time": "7/2/2012 3:50:18 PM",
"covariance": [51.1288982522, -15.4054608562, -0.0007782623, -15.4054608562, 9.2171594373, -0.0017821554, -0.0007782623, -0.0017821554, 0.0000014397],
"ins": {"x": 22620.0000000000, "y": -10690.0000000000, "z": 1470.0000000000, "yaw": 1.8900000000, "roll": 0.0000000000, "pitch": 0.0100000000 },
"slam": {"x": 22689.2529612055, "y": -10671.0819563999, "yaw": 1.8911494686 },
"groundtruth": {"x": 22510.0000000000, "y": -10640.0000000000, "z": 1720.0000000000, "yaw": 1.8900000000, "pitch": 0.0000000000, "roll": 0.0000000000 }
"extend": true
},
{
"time": "7/2/2012 3:50:18 PM",
"covariance": [75.9075290510, -25.0865892538, -0.0004006673, -25.0865892538, 12.6795688004, -0.0018357043, -0.0004006673, -0.0018357043, 0.0000013400],
"ins": {"x": 22390.0000000000, "y": -9980.0000000000, "z": 1450.0000000000, "yaw": 1.9000000000, "roll": 0.0000000000, "pitch": 0.0100000000 },
"slam": {"x": 22483.7769360231, "y": -9993.8434242715, "yaw": 1.8929650740 },
"groundtruth": {"x": 22290.0000000000, "y": -9970.0000000000, "z": 1720.0000000000, "yaw": 1.8900000000, "pitch": 0.0000000000, "roll": 0.0000000000 }
"extend": true
},
{
"time": "7/2/2012 3:50:18 PM",
"covariance": [68.9202411449, -23.8986609739, 0.0000139815, -23.8986609739, 10.6194547340, -0.0009700920, 0.0000139815, -0.0009700920, 0.0000007876],
"ins": {"x": 22260.0000000000, "y": -9590.0000000000, "z": 1460.0000000000, "yaw": 1.8900000000, "roll": 0.0000000000, "pitch": 0.0100000000 },
"slam": {"x": 22355.9992372859, "y": -9585.2739511521, "yaw": 1.8815404662 },
"groundtruth": {"x": 22160.0000000000, "y": -9570.0000000000, "z": 1720.0000000000, "yaw": 1.8800000000, "pitch": 0.0000000000, "roll": 0.0000000000 }
"extend": true
},
{
"time": "7/2/2012 3:50:18 PM",
"covariance": [43.7799687722, -14.4537662026, -0.0001412142, -14.4537662026, 6.0715630894, -0.0003719173, -0.0001412142, -0.0003719173, 0.0000005282],
"ins": {"x": 22260.0000000000, "y": -9590.0000000000, "z": 1460.0000000000, "yaw": 1.8900000000, "roll": 0.0000000000, "pitch": 0.0100000000 },
"slam": {"x": 22356.0052699182, "y": -9585.1797076228, "yaw": 1.8815608536 },
"groundtruth": {"x": 22160.0000000000, "y": -9570.0000000000, "z": 1720.0000000000, "yaw": 1.8800000000, "pitch": 0.0000000000, "roll": 0.0000000000 }
"extend": false
},
{
"time": "7/2/2012 3:50:19 PM",
"covariance": [43.8063305313, -14.4662663230, -0.0001394768, -14.4662663230, 6.0849195906, -0.0003760971, -0.0001394768, -0.0003760971, 0.0000005299],
"ins": {"x": 22260.0000000000, "y": -9590.0000000000, "z": 1460.0000000000, "yaw": 1.8900000000, "roll": 0.0000000000, "pitch": 0.0100000000 },
"slam": {"x": 22355.9620848634, "y": -9585.1816005290, "yaw": 1.8815397226 },
"groundtruth": {"x": 22160.0000000000, "y": -9570.0000000000, "z": 1720.0000000000, "yaw": 1.8800000000, "pitch": 0.0000000000, "roll": 0.0000000000 }
"extend": false
},
{
"time": "7/2/2012 3:50:19 PM",
"covariance": [44.3746853775, -14.6726249386, -0.0001324849, -14.6726249386, 6.1737000655, -0.0003840180, -0.0001324849, -0.0003840180, 0.0000005343],
"ins": {"x": 22260.0000000000, "y": -9590.0000000000, "z": 1460.0000000000, "yaw": 1.8900000000, "roll": 0.0000000000, "pitch": 0.0100000000 },
"slam": {"x": 22355.7723178060, "y": -9585.0807496198, "yaw": 1.8815203699 },
"groundtruth": {"x": 22160.0000000000, "y": -9570.0000000000, "z": 1720.0000000000, "yaw": 1.8800000000, "pitch": 0.0000000000, "roll": 0.0000000000 }
"extend": false
},
{
"time": "7/2/2012 3:50:19 PM",
"covariance": [44.8971796099, -14.8862145029, -0.0001366082, -14.8862145029, 6.2742871173, -0.0003890264, -0.0001366082, -0.0003890264, 0.0000005421],
"ins": {"x": 22260.0000000000, "y": -9590.0000000000, "z": 1460.0000000000, "yaw": 1.8900000000, "roll": 0.0000000000, "pitch": 0.0100000000 },
"slam": {"x": 22355.6863345647, "y": -9584.8674150965, "yaw": 1.8816188177 },
"groundtruth": {"x": 22160.0000000000, "y": -9570.0000000000, "z": 1720.0000000000, "yaw": 1.8800000000, "pitch": 0.0000000000, "roll": 0.0000000000 }
"extend": false
},
{
"time": "7/2/2012 3:50:19 PM",
"covariance": [45.3450196883, -14.9551271453, -0.0001731175, -14.9551271453, 6.2671392843, -0.0003683793, -0.0001731175, -0.0003683793, 0.0000005438],
"ins": {"x": 22260.0000000000, "y": -9590.0000000000, "z": 1460.0000000000, "yaw": 1.8900000000, "roll": 0.0000000000, "pitch": 0.0100000000 },
"slam": {"x": 22355.4312605403, "y": -9585.3165890188, "yaw": 1.8819901122 },
"groundtruth": {"x": 22160.0000000000, "y": -9570.0000000000, "z": 1720.0000000000, "yaw": 1.8800000000, "pitch": 0.0000000000, "roll": 0.0000000000 }
"extend": false
},
{
"time": "7/2/2012 3:50:19 PM",
"covariance": [46.6480932117, -15.4250076417, -0.0001501564, -15.4250076417, 6.4531385703, -0.0003791315, -0.0001501564, -0.0003791315, 0.0000005458],
"ins": {"x": 22260.0000000000, "y": -9590.0000000000, "z": 1460.0000000000, "yaw": 1.8900000000, "roll": 0.0000000000, "pitch": 0.0100000000 },
"slam": {"x": 22355.3872732991, "y": -9585.3319956458, "yaw": 1.8820243969 },
"groundtruth": {"x": 22160.0000000000, "y": -9570.0000000000, "z": 1720.0000000000, "yaw": 1.8800000000, "pitch": 0.0000000000, "roll": 0.0000000000 }
"extend": false
},
{
"time": "7/2/2012 3:50:20 PM",
"covariance": [46.6480932117, -15.4250076417, -0.0001501564, -15.4250076417, 6.4531385703, -0.0003791315, -0.0001501564, -0.0003791315, 0.0000005458],
"ins": {"x": 22260.0000000000, "y": -9590.0000000000, "z": 1460.0000000000, "yaw": 1.8900000000, "roll": 0.0000000000, "pitch": 0.0100000000 },
"slam": {"x": 22355.3872732991, "y": -9585.3319956458, "yaw": 1.8820243969 },
"groundtruth": {"x": 22160.0000000000, "y": -9570.0000000000, "z": 1720.0000000000, "yaw": 1.8800000000, "pitch": 0.0000000000, "roll": 0.0000000000 }
"extend": false
},
{
"time": "7/2/2012 3:50:20 PM",
"covariance": [47.3731011261, -15.7013135478, -0.0001280716, -15.7013135478, 6.5739465770, -0.0003936807, -0.0001280716, -0.0003936807, 0.0000005472],
"ins": {"x": 22260.0000000000, "y": -9590.0000000000, "z": 1460.0000000000, "yaw": 1.8900000000, "roll": 0.0000000000, "pitch": 0.0100000000 },
"slam": {"x": 22355.3289362811, "y": -9585.3891914437, "yaw": 1.8820378120 },
"groundtruth": {"x": 22160.0000000000, "y": -9570.0000000000, "z": 1720.0000000000, "yaw": 1.8800000000, "pitch": 0.0000000000, "roll": 0.0000000000 }
"extend": false
},
{
"time": "7/2/2012 3:50:20 PM",
"covariance": [49.9445985884, -16.0241376968, -0.0005276485, -16.0241376968, 7.0771172100, -0.0006876363, -0.0005276485, -0.0006876363, 0.0000008884],
"ins": {"x": 22260.0000000000, "y": -9540.0000000000, "z": 1460.0000000000, "yaw": 1.5400000000, "roll": 0.0000000000, "pitch": 0.0100000000 },
"slam": {"x": 22335.1677713609, "y": -9568.3648482516, "yaw": 1.5310822301 },
"groundtruth": {"x": 22170.0000000000, "y": -9530.0000000000, "z": 1720.0000000000, "yaw": 1.5300000000, "pitch": 0.0000000000, "roll": 0.0000000000 }
"extend": true
},
{
"time": "7/2/2012 3:50:20 PM",
"covariance": [38.5011487652, -1.4824128420, -0.0003172604, -1.4824128420, 2.5831263490, -0.0009959132, -0.0003172604, -0.0009959132, 0.0000016522],
"ins": {"x": 22260.0000000000, "y": -9580.0000000000, "z": 1460.0000000000, "yaw": 1.4100000000, "roll": 0.0000000000, "pitch": 0.0100000000 },
"slam": {"x": 22324.7333278469, "y": -9585.7040688549, "yaw": 1.3973829658 },
"groundtruth": {"x": 22170.0000000000, "y": -9560.0000000000, "z": 1720.0000000000, "yaw": 1.4000000000, "pitch": 0.0000000000, "roll": 0.0000000000 }
"extend": true
},
{
"time": "7/2/2012 3:50:21 PM",
"covariance": [43.0367388295, 7.0478429642, -0.0003562488, 7.0478429642, 2.6715360831, -0.0007051220, -0.0003562488, -0.0007051220, 0.0000007340],
"ins": {"x": 22260.0000000000, "y": -9580.0000000000, "z": 1460.0000000000, "yaw": 1.4000000000, "roll": 0.0000000000, "pitch": 0.0100000000 },
"slam": {"x": 22324.7115051128, "y": -9585.6943540931, "yaw": 1.3974708684 },
"groundtruth": {"x": 22170.0000000000, "y": -9570.0000000000, "z": 1720.0000000000, "yaw": 1.4000000000, "pitch": 0.0000000000, "roll": 0.0000000000 }
"extend": false
},
{
"time": "7/2/2012 3:50:21 PM",
"covariance": [41.1487385016, 5.3713864863, -0.0000048825, 5.3713864863, 2.6566578510, -0.0008437993, -0.0000048825, -0.0008437993, 0.0000012059],
"ins": {"x": 22260.0000000000, "y": -9580.0000000000, "z": 1460.0000000000, "yaw": 1.4000000000, "roll": 0.0000000000, "pitch": 0.0100000000 },
"slam": {"x": 22324.7268857254, "y": -9583.4970476717, "yaw": 1.3960102819 },
"groundtruth": {"x": 22170.0000000000, "y": -9570.0000000000, "z": 1720.0000000000, "yaw": 1.4000000000, "pitch": 0.0000000000, "roll": 0.0000000000 }
"extend": false
},
{
"time": "7/2/2012 3:50:21 PM",
"covariance": [41.8847388035, 2.0168500042, 0.0005659749, 2.0168500042, 5.4220595362, -0.0027220728, 0.0005659749, -0.0027220728, 0.0000023796],
"ins": {"x": 22330.0000000000, "y": -9050.0000000000, "z": 1470.0000000000, "yaw": 1.4300000000, "roll": 6.2800000000, "pitch": 0.0100000000 },
"slam": {"x": 22404.9521099222, "y": -9049.4416510526, "yaw": 1.4277639567 },
"groundtruth": {"x": 22240.0000000000, "y": -9020.0000000000, "z": 1720.0000000000, "yaw": 1.4300000000, "pitch": 0.0100000000, "roll": 0.0000000000 }
"extend": true
},
{
"time": "7/2/2012 3:50:21 PM",
"covariance": [45.3675626662, 3.0818669155, 0.0007653945, 3.0818669155, 3.7264691548, -0.0017200454, 0.0007653945, -0.0017200454, 0.0000016446],
"ins": {"x": 22370.0000000000, "y": -8740.0000000000, "z": 1470.0000000000, "yaw": 1.4500000000, "roll": 0.0000000000, "pitch": 0.0100000000 },
"slam": {"x": 22447.0708848694, "y": -8732.9469328854, "yaw": 1.4478037051 },
"groundtruth": {"x": 22280.0000000000, "y": -8720.0000000000, "z": 1720.0000000000, "yaw": 1.4500000000, "pitch": 0.0000000000, "roll": 0.0000000000 }
"extend": true
},
{
"time": "7/2/2012 3:50:21 PM",
"covariance": [48.2220033695, 1.4353565211, 0.0018009258, 1.4353565211, 2.8272944709, -0.0011932001, 0.0018009258, -0.0011932001, 0.0000014757],
"ins": {"x": 22360.0000000000, "y": -8710.0000000000, "z": 1470.0000000000, "yaw": 1.6100000000, "roll": 6.2800000000, "pitch": 0.0000000000 },
"slam": {"x": 22451.8345576498, "y": -8794.4599925309, "yaw": 1.6040003380 },
"groundtruth": {"x": 22270.0000000000, "y": -8690.0000000000, "z": 1720.0000000000, "yaw": 1.6100000000, "pitch": 0.0000000000, "roll": 0.0000000000 }
"extend": true
},
{
"time": "7/2/2012 3:50:22 PM",
"covariance": [48.6345733155, -1.1883177313, 0.0004683741, -1.1883177313, 2.6111099207, -0.0011980993, 0.0004683741, -0.0011980993, 0.0000015976],
"ins": {"x": 22360.0000000000, "y": -8710.0000000000, "z": 1470.0000000000, "yaw": 1.6100000000, "roll": 6.2800000000, "pitch": 0.0000000000 },
"slam": {"x": 22452.4984480180, "y": -8723.4457816314, "yaw": 1.6000957540 },
"groundtruth": {"x": 22270.0000000000, "y": -8690.0000000000, "z": 1720.0000000000, "yaw": 1.6000000000, "pitch": 0.0000000000, "roll": 0.0000000000 }
"extend": false
},
{
"time": "7/2/2012 3:50:22 PM",
"covariance": [54.0746317444, -2.1491565049, 0.0007383663, -2.1491565049, 4.9642864306, -0.0027392307, 0.0007383663, -0.0027392307, 0.0000023730],
"ins": {"x": 22350.0000000000, "y": -8090.0000000000, "z": 1460.0000000000, "yaw": 1.6100000000, "roll": 6.2800000000, "pitch": 0.0100000000 },
"slam": {"x": 22450.6437925958, "y": -8100.5921577655, "yaw": 1.5969067815 },
"groundtruth": {"x": 22260.0000000000, "y": -8070.0000000000, "z": 1720.0000000000, "yaw": 1.6000000000, "pitch": 0.0100000000, "roll": 0.0000000000 }
"extend": true
},
{
"time": "7/2/2012 3:50:22 PM",
"covariance": [67.1913325074, -1.2868041917, -0.0003755455, -1.2868041917, 4.3704866935, -0.0021442297, -0.0003755455, -0.0021442297, 0.0000017534],
"ins": {"x": 22340.0000000000, "y": -7440.0000000000, "z": 1480.0000000000, "yaw": 1.6000000000, "roll": 0.0000000000, "pitch": 0.0100000000 },
"slam": {"x": 22443.7424261243, "y": -7440.1491266032, "yaw": 1.5800596467 },
"groundtruth": {"x": 22240.0000000000, "y": -7360.0000000000, "z": 1720.0000000000, "yaw": 1.5800000000, "pitch": 0.0100000000, "roll": 0.0000000000 }
"extend": true
},
{
"time": "7/2/2012 3:50:22 PM",
"covariance": [30.7247105998, -3.7924276045, 0.0025112847, -3.7924276045, 4.1038919434, -0.0019127922, 0.0025112847, -0.0019127922, 0.0000014926],
"ins": {"x": 22330.0000000000, "y": -6670.0000000000, "z": 1490.0000000000, "yaw": 1.5800000000, "roll": 0.0000000000, "pitch": 0.0200000000 },
"slam": {"x": 22444.9227789588, "y": -6751.7995249680, "yaw": 1.5705814053 },
"groundtruth": {"x": 22240.0000000000, "y": -6670.0000000000, "z": 1720.0000000000, "yaw": 1.5700000000, "pitch": 0.0100000000, "roll": 0.0000000000 }
"extend": true
},
{
"time": "7/2/2012 3:50:22 PM",
"covariance": [31.7608801686, -4.7460431172, 0.0032811390, -4.7460431172, 5.0469484716, -0.0022425451, 0.0032811390, -0.0022425451, 0.0000016167],
"ins": {"x": 22320.0000000000, "y": -6030.0000000000, "z": 1500.0000000000, "yaw": 1.5900000000, "roll": 6.2800000000, "pitch": 0.0100000000 },
"slam": {"x": 22440.1363629261, "y": -6037.5762975429, "yaw": 1.5883173775 },
"groundtruth": {"x": 22220.0000000000, "y": -5960.0000000000, "z": 1720.0000000000, "yaw": 1.5900000000, "pitch": 0.0100000000, "roll": 0.0000000000 }
"extend": true
},
{
"time": "7/2/2012 3:50:23 PM",
"covariance": [22.2389486456, -3.7823366959, 0.0029728944, -3.7823366959, 3.2903666962, -0.0013947217, 0.0029728944, -0.0013947217, 0.0000011992],
"ins": {"x": 22330.0000000000, "y": -5880.0000000000, "z": 1500.0000000000, "yaw": 1.6000000000, "roll": 0.0000000000, "pitch": 0.0100000000 },
"slam": {"x": 22439.2825437302, "y": -5945.2690971172, "yaw": 1.5919464498 },
"groundtruth": {"x": 22220.0000000000, "y": -5870.0000000000, "z": 1720.0000000000, "yaw": 1.5900000000, "pitch": 0.0000000000, "roll": 0.0000000000 }
"extend": false
},
{
"time": "7/2/2012 3:50:23 PM",
"covariance": [24.1056366538, -3.7275293696, 0.0029200863, -3.7275293696, 3.2177808965, -0.0013631172, 0.0029200863, -0.0013631172, 0.0000011865],
"ins": {"x": 22330.0000000000, "y": -5880.0000000000, "z": 1500.0000000000, "yaw": 1.6000000000, "roll": 0.0000000000, "pitch": 0.0100000000 },
"slam": {"x": 22439.1639633457, "y": -5945.1920938905, "yaw": 1.5913309649 },
"groundtruth": {"x": 22220.0000000000, "y": -5870.0000000000, "z": 1720.0000000000, "yaw": 1.5900000000, "pitch": 0.0000000000, "roll": 0.0000000000 }
"extend": false
},
{
"time": "7/2/2012 3:50:23 PM",
"covariance": [22.0660555701, -3.6345955755, 0.0028119177, -3.6345955755, 3.1896235166, -0.0013250582, 0.0028119177, -0.0013250582, 0.0000011363],
"ins": {"x": 22330.0000000000, "y": -5890.0000000000, "z": 1490.0000000000, "yaw": 1.6700000000, "roll": 0.0000000000, "pitch": 0.0100000000 },
"slam": {"x": 22450.3558405999, "y": -5952.7933405299, "yaw": 1.6661084146 },
"groundtruth": {"x": 22220.0000000000, "y": -5870.0000000000, "z": 1720.0000000000, "yaw": 1.6700000000, "pitch": 0.0000000000, "roll": 0.0000000000 }
"extend": false
},
{
"time": "7/2/2012 3:50:23 PM",
"covariance": [22.9699187928, -2.2073250168, 0.0019129658, -2.2073250168, 2.2896430052, -0.0007096732, 0.0019129658, -0.0007096732, 0.0000007559],
"ins": {"x": 22340.0000000000, "y": -5890.0000000000, "z": 1490.0000000000, "yaw": 1.9800000000, "roll": 6.2800000000, "pitch": 0.0100000000 },
"slam": {"x": 22487.0370853776, "y": -5952.3976290533, "yaw": 1.9602443343 },
"groundtruth": {"x": 22240.0000000000, "y": -5880.0000000000, "z": 1720.0000000000, "yaw": 1.9600000000, "pitch": 0.0000000000, "roll": 0.0000000000 }
"extend": true
},
{
"time": "7/2/2012 3:50:23 PM",
"covariance": [12.9153726451, -5.7624322604, 0.0011986125, -5.7624322604, 5.0172865330, -0.0010955021, 0.0011986125, -0.0010955021, 0.0000006463],
"ins": {"x": 22350.0000000000, "y": -5890.0000000000, "z": 1490.0000000000, "yaw": 1.9700000000, "roll": 6.2800000000, "pitch": 0.0100000000 },
"slam": {"x": 22487.2562329311, "y": -5954.4110028946, "yaw": 1.9603309083 },
"groundtruth": {"x": 22240.0000000000, "y": -5880.0000000000, "z": 1720.0000000000, "yaw": 1.9600000000, "pitch": 0.0000000000, "roll": 0.0000000000 }
"extend": false
},
{
"time": "7/2/2012 3:50:24 PM",
"covariance": [12.9901414075, -5.6959254810, 0.0012013037, -5.6959254810, 4.9710988504, -0.0010640934, 0.0012013037, -0.0010640934, 0.0000006402],
"ins": {"x": 22350.0000000000, "y": -5900.0000000000, "z": 1490.0000000000, "yaw": 1.9700000000, "roll": 6.2800000000, "pitch": 0.0100000000 },
"slam": {"x": 22487.7309173663, "y": -5954.3067576062, "yaw": 1.9602827318 },
"groundtruth": {"x": 22240.0000000000, "y": -5880.0000000000, "z": 1720.0000000000, "yaw": 1.9600000000, "pitch": 0.0000000000, "roll": 0.0000000000 }
"extend": false
},
{
"time": "7/2/2012 3:50:24 PM",
"covariance": [13.2617018445, -5.7612274920, 0.0013330144, -5.7612274920, 5.4163780112, -0.0012434549, 0.0013330144, -0.0012434549, 0.0000007267],
"ins": {"x": 22350.0000000000, "y": -5900.0000000000, "z": 1490.0000000000, "yaw": 1.9700000000, "roll": 6.2800000000, "pitch": 0.0100000000 },
"slam": {"x": 22488.1197699979, "y": -5954.6443541600, "yaw": 1.9603398703 },
"groundtruth": {"x": 22240.0000000000, "y": -5880.0000000000, "z": 1720.0000000000, "yaw": 1.9600000000, "pitch": 0.0000000000, "roll": 0.0000000000 }
"extend": false
},
{
"time": "7/2/2012 3:50:24 PM",
"covariance": [74.9017487684, -24.5045558062, -0.0028329322, -24.5045558062, 12.6309073226, -0.0006504038, -0.0028329322, -0.0006504038, 0.0000015788],
"ins": {"x": 22340.0000000000, "y": -5890.0000000000, "z": 1490.0000000000, "yaw": 1.9900000000, "roll": 0.0000000000, "pitch": 0.0100000000 },
"slam": {"x": 22495.0230263324, "y": -5954.4130466544, "yaw": 2.0190989952 },
"groundtruth": {"x": 22240.0000000000, "y": -5890.0000000000, "z": 1720.0000000000, "yaw": 2.0200000000, "pitch": 0.0000000000, "roll": 0.0000000000 }
"extend": false
},
{
"time": "7/2/2012 3:50:24 PM",
"covariance": [34.0920104322, -11.8390651077, 0.0018845434, -11.8390651077, 8.0108581417, -0.0010698286, 0.0018845434, -0.0010698286, 0.0000011078],
"ins": {"x": 22370.0000000000, "y": -5930.0000000000, "z": 1490.0000000000, "yaw": 2.2800000000, "roll": 0.0000000000, "pitch": 0.0100000000 },
"slam": {"x": 22532.2420598209, "y": -5977.9088685046, "yaw": 2.2734166028 },
"groundtruth": {"x": 22260.0000000000, "y": -5920.0000000000, "z": 1720.0000000000, "yaw": 2.2800000000, "pitch": 0.0000000000, "roll": 0.0000000000 }
"extend": true
},
{
"time": "7/2/2012 3:50:25 PM",
"covariance": [27.6981031055, -19.5903680021, 0.0021802117, -19.5903680021, 23.3202104376, -0.0035259697, 0.0021802117, -0.0035259697, 0.0000019506],
"ins": {"x": 22350.0000000000, "y": -5920.0000000000, "z": 1490.0000000000, "yaw": 2.5400000000, "roll": 0.0000000000, "pitch": 0.0100000000 },
"slam": {"x": 22530.3671736050, "y": -5944.7591672857, "yaw": 2.6146379404 },
"groundtruth": {"x": 22240.0000000000, "y": -5910.0000000000, "z": 1720.0000000000, "yaw": 2.6200000000, "pitch": 0.0000000000, "roll": 0.0000000000 }
"extend": true
},
{
"time": "7/2/2012 3:50:25 PM",
"covariance": [32.4631992646, -39.5483626436, 0.0026712442, -39.5483626436, 93.2276977452, -0.0112546577, 0.0026712442, -0.0112546577, 0.0000042357],
"ins": {"x": 22300.0000000000, "y": -5910.0000000000, "z": 1490.0000000000, "yaw": 2.9500000000, "roll": 0.0000000000, "pitch": 0.0100000000 },
"slam": {"x": 22482.4514163177, "y": -5906.7731797439, "yaw": 2.9534660949 },
"groundtruth": {"x": 22180.0000000000, "y": -5890.0000000000, "z": 1720.0000000000, "yaw": 2.9600000000, "pitch": 0.0000000000, "roll": 0.0000000000 }
"extend": true
},
{
"time": "7/2/2012 3:50:25 PM",
"covariance": [25.7341252837, -53.7526341183, -0.0048282543, -53.7526341183, 295.9128097500, -0.0008566379, -0.0048282543, -0.0008566379, 0.0000031022],
"ins": {"x": 22280.0000000000, "y": -5910.0000000000, "z": 1490.0000000000, "yaw": 3.0500000000, "roll": 0.0000000000, "pitch": 0.0100000000 },
