{
"time": "8/9/2012 2:56:48 PM",
"covariance": [2691.4561413409, 543.7562012195, -0.2432660276, 543.7562012195, 130.1828973734, -0.0446525453, -0.2432660276, -0.0446525453, 0.0000974026],
"ins": {"x": 630.0000000000, "y": 8890.0000000000, "z": -720.0000000000, "yaw": 1.8200000000, "roll": 0.0100000000, "pitch": 6.2800000000 },
"slam": {"x": 318.7603273274, "y": 8933.0282868930, "yaw": 1.7591772417 },
"matches": 13.0000000000,
"groundtruth": {"x": 630.0000000000, "y": 8900.0000000000, "z": -260.0000000000, "yaw": 1.8300000000, "pitch": -0.0300000000, "roll": -0.0300000000 },
"extend": true
},
{
"time": "8/9/2012 2:56:48 PM",
"covariance": [342004.3621482240, 147834.6130514770, 112.7944395728, 147834.6130514770, 52900.9219166476, 49.8680707692, 112.7944395728, 49.8680707692, 0.0370903531],
"ins": {"x": 630.0000000000, "y": 8970.0000000000, "z": -710.0000000000, "yaw": 2.6000000000, "roll": 0.0000000000, "pitch": 0.0300000000 },
"slam": {"x": 289.7980817815, "y": 9033.7415295760, "yaw": 2.7724880647 },
"matches": 11.0000000000,
"groundtruth": {"x": 620.0000000000, "y": 8980.0000000000, "z": -250.0000000000, "yaw": 2.8200000000, "pitch": 0.0000000000, "roll": -0.0300000000 },
"extend": true
},
{
"time": "8/9/2012 2:56:48 PM",
"covariance": [93.9391638582, 11.0090280225, 0.0072607775, 11.0090280225, 6.4163353167, -0.0010258455, 0.0072607775, -0.0010258455, 0.0000030138],
"ins": {"x": 710.0000000000, "y": 9060.0000000000, "z": -700.0000000000, "yaw": 3.7600000000, "roll": 0.0300000000, "pitch": 0.0500000000 },
"slam": {"x": 215.1110300651, "y": 9173.8360057649, "yaw": 3.7245270536 },
"matches": 63.0000000000,
"groundtruth": {"x": 710.0000000000, "y": 9070.0000000000, "z": -250.0000000000, "yaw": -2.5400000000, "pitch": 0.0200000000, "roll": -0.0100000000 },
"extend": true
},
{
"time": "8/9/2012 2:56:48 PM",
"covariance": [-158.3670061557, 175.8135106685, 0.2345637583, 175.8135106685, -185.6299763240, -0.2100029726, 0.2345637583, -0.2100029726, 0.0001281123],
"ins": {"x": 710.0000000000, "y": 9060.0000000000, "z": -700.0000000000, "yaw": 3.7500000000, "roll": 0.0300000000, "pitch": 0.0500000000 },
"slam": {"x": 267.8173880966, "y": 9164.4385791214, "yaw": 3.7058670860 },
"matches": 89.0000000000,
"groundtruth": {"x": 710.0000000000, "y": 9070.0000000000, "z": -250.0000000000, "yaw": -2.5400000000, "pitch": 0.0200000000, "roll": -0.0100000000 },
"extend": false
},
{
"time": "8/9/2012 2:56:49 PM",
"covariance": [-158.3670061557, 175.8135106685, 0.2345637583, 175.8135106685, -185.6299763240, -0.2100029726, 0.2345637583, -0.2100029726, 0.0001281123],
"ins": {"x": 710.0000000000, "y": 9060.0000000000, "z": -700.0000000000, "yaw": 3.7500000000, "roll": 0.0300000000, "pitch": 0.0500000000 },
"slam": {"x": 267.8173880966, "y": 9164.4385791214, "yaw": 3.7058670860 },
"matches": 89.0000000000,
"groundtruth": {"x": 710.0000000000, "y": 9070.0000000000, "z": -250.0000000000, "yaw": -2.5400000000, "pitch": 0.0200000000, "roll": -0.0100000000 },
"extend": false
},
{
"time": "8/9/2012 2:56:49 PM",
"covariance": [-158.3670061557, 175.8135106685, 0.2345637583, 175.8135106685, -185.6299763240, -0.2100029726, 0.2345637583, -0.2100029726, 0.0001281123],
"ins": {"x": 710.0000000000, "y": 9060.0000000000, "z": -700.0000000000, "yaw": 3.7500000000, "roll": 0.0300000000, "pitch": 0.0500000000 },
"slam": {"x": 267.8173880966, "y": 9164.4385791214, "yaw": 3.7058670860 },
"matches": 89.0000000000,
"groundtruth": {"x": 710.0000000000, "y": 9070.0000000000, "z": -250.0000000000, "yaw": -2.5400000000, "pitch": 0.0200000000, "roll": -0.0100000000 },
"extend": false
},
{
"time": "8/9/2012 2:56:49 PM",
"covariance": [37.9169402427, -32.8998633952, 0.0041487336, -32.8998633952, 32.8117681764, -0.0036766940, 0.0041487336, -0.0036766940, 0.0000022562],
"ins": {"x": 640.0000000000, "y": 9010.0000000000, "z": -710.0000000000, "yaw": 3.7200000000, "roll": 0.0300000000, "pitch": 0.0600000000 },
"slam": {"x": 270.1433838373, "y": 9150.4927861871, "yaw": 3.6599019074 },
"matches": 87.0000000000,
"groundtruth": {"x": 640.0000000000, "y": 9030.0000000000, "z": -250.0000000000, "yaw": -2.5700000000, "pitch": 0.0300000000, "roll": -0.0100000000 },
"extend": false
},
{
"time": "8/9/2012 2:56:49 PM",
"covariance": [-178.4334336951, 225.0883182916, 0.2397520421, 225.0883182916, -266.0715208831, -0.2269499481, 0.2397520421, -0.2269499481, 0.0001345753],
"ins": {"x": 450.0000000000, "y": 8950.0000000000, "z": -710.0000000000, "yaw": 3.5800000000, "roll": 0.0200000000, "pitch": 0.0700000000 },
"slam": {"x": 66.4942631870, "y": 9177.6493795330, "yaw": 3.5320583900 },
"matches": 84.0000000000,
"groundtruth": {"x": 430.0000000000, "y": 8950.0000000000, "z": -260.0000000000, "yaw": -2.7200000000, "pitch": 0.0400000000, "roll": -0.0300000000 },
"extend": false
},
{
"time": "8/9/2012 2:56:49 PM",
"covariance": [40.4544723046, -37.7085971852, 0.0008073356, -37.7085971852, 41.1935803703, -0.0008340434, 0.0008073356, -0.0008340434, 0.0000004728],
"ins": {"x": 230.0000000000, "y": 8900.0000000000, "z": -720.0000000000, "yaw": 3.4800000000, "roll": 0.0000000000, "pitch": 0.0700000000 },
"slam": {"x": -115.7120908624, "y": 9152.4563232612, "yaw": 3.4320150394 },
"matches": 83.0000000000,
"groundtruth": {"x": 230.0000000000, "y": 8900.0000000000, "z": -260.0000000000, "yaw": -2.8000000000, "pitch": 0.0400000000, "roll": -0.0400000000 },
"extend": true
},
{
"time": "8/9/2012 2:56:49 PM",
"covariance": [41.7722213710, -21.1010924975, 0.0045577458, -21.1010924975, 14.1913190242, -0.0024090359, 0.0045577458, -0.0024090359, 0.0000021790],
"ins": {"x": 20.0000000000, "y": 8870.0000000000, "z": -720.0000000000, "yaw": 3.3400000000, "roll": 6.2800000000, "pitch": 0.0600000000 },
"slam": {"x": -369.1653862361, "y": 9179.7081343102, "yaw": 3.3012379977 },
"matches": 82.0000000000,
"groundtruth": {"x": -20.0000000000, "y": 8870.0000000000, "z": -270.0000000000, "yaw": -2.9600000000, "pitch": 0.0300000000, "roll": -0.0500000000 },
"extend": true
},
{
"time": "8/9/2012 2:56:49 PM",
"covariance": [3.6875477586, -3.2688421195, 0.0176489977, -3.2688421195, 5.2256497544, -0.0073541078, 0.0176489977, -0.0073541078, 0.0000081364],
"ins": {"x": -230.0000000000, "y": 8880.0000000000, "z": -730.0000000000, "yaw": 3.2100000000, "roll": 6.2700000000, "pitch": 0.0400000000 },
"slam": {"x": -597.1159568589, "y": 9195.5617153398, "yaw": 3.1957402253 },
"matches": 76.0000000000,
"groundtruth": {"x": -230.0000000000, "y": 8880.0000000000, "z": -270.0000000000, "yaw": -3.0800000000, "pitch": 0.0200000000, "roll": -0.0600000000 },
"extend": true
},
{
"time": "8/9/2012 2:56:50 PM",
"covariance": [86.2696231542, -16.5590561636, 0.0064169099, -16.5590561636, 8.4419274696, -0.0025608222, 0.0064169099, -0.0025608222, 0.0000029396],
"ins": {"x": -440.0000000000, "y": 8900.0000000000, "z": -730.0000000000, "yaw": 3.0100000000, "roll": 6.2500000000, "pitch": 6.2800000000 },
"slam": {"x": -967.6740905718, "y": 9306.5242809612, "yaw": 3.0654124438 },
"matches": 63.0000000000,
"groundtruth": {"x": -460.0000000000, "y": 8910.0000000000, "z": -270.0000000000, "yaw": 3.0000000000, "pitch": -0.0300000000, "roll": -0.0700000000 },
"extend": true
},
{
"time": "8/9/2012 2:56:50 PM",
"covariance": [228.3218690897, -89.0484590958, 0.1299727196, -89.0484590958, 26.9140735560, -0.0350277325, 0.1299727196, -0.0350277325, 0.0000547651],
"ins": {"x": -590.0000000000, "y": 8940.0000000000, "z": -720.0000000000, "yaw": 2.7900000000, "roll": 6.2600000000, "pitch": 6.2500000000 },
"slam": {"x": -1247.1829134439, "y": 9328.0317529053, "yaw": 2.9320730372 },
"matches": 54.0000000000,
"groundtruth": {"x": -590.0000000000, "y": 8940.0000000000, "z": -260.0000000000, "yaw": 2.8100000000, "pitch": -0.0600000000, "roll": -0.0600000000 },
"extend": true
},
{
"time": "8/9/2012 2:56:50 PM",
"covariance": [90.3627082879, 12.5477270248, 0.0092786879, 12.5477270248, 10.0167161711, -0.0010605021, 0.0092786879, -0.0010605021, 0.0000037724],
"ins": {"x": -830.0000000000, "y": 9050.0000000000, "z": -690.0000000000, "yaw": 2.7800000000, "roll": 6.2700000000, "pitch": 6.2500000000 },
"slam": {"x": -1581.5891226840, "y": 9323.7228619763, "yaw": 2.9297498066 },
"matches": 48.0000000000,
"groundtruth": {"x": -860.0000000000, "y": 9060.0000000000, "z": -240.0000000000, "yaw": 2.7900000000, "pitch": -0.0600000000, "roll": -0.0500000000 },
"extend": true
},
{
"time": "8/9/2012 2:56:50 PM",
"covariance": [7482.7567055298, -2292.9929285615, 3.9902071610, -2292.9929285615, 418.6062184582, -0.8053778572, 3.9902071610, -0.8053778572, 0.0015596300],
"ins": {"x": -1570.0000000000, "y": 9310.0000000000, "z": -610.0000000000, "yaw": 2.7500000000, "roll": 6.2700000000, "pitch": 6.2000000000 },
"slam": {"x": -2433.3986053304, "y": 9526.7328474603, "yaw": 2.9655419961 },
"matches": 38.0000000000,
"groundtruth": {"x": -1530.0000000000, "y": 9320.0000000000, "z": -150.0000000000, "yaw": 2.7600000000, "pitch": -0.1000000000, "roll": -0.0500000000 },
"extend": true
},
{
"time": "8/9/2012 2:56:50 PM",
"covariance": [5742.8921799193, -4046.5624693273, 3.1689912187, -4046.5624693273, -1148.7545291995, -0.6155909911, 3.1689912187, -0.6155909911, 0.0010966551],
"ins": {"x": -2170.0000000000, "y": 9560.0000000000, "z": -530.0000000000, "yaw": 2.6900000000, "roll": 6.2800000000, "pitch": 0.0100000000 },
"slam": {"x": -2617.9242555961, "y": 9479.5743004017, "yaw": 2.7608533438 },
"matches": 27.0000000000,
"groundtruth": {"x": -2190.0000000000, "y": 9630.0000000000, "z": -90.0000000000, "yaw": 2.7100000000, "pitch": -0.0200000000, "roll": -0.0400000000 },
"extend": false
},
{
"time": "8/9/2012 2:56:50 PM",
"covariance": [6938.3346964094, -3774.8436164041, 3.4965949702, -3774.8436164041, -662.7566350138, -0.6742779734, 3.4965949702, -0.6742779734, 0.0012111231],
"ins": {"x": -2740.0000000000, "y": 9810.0000000000, "z": -540.0000000000, "yaw": 2.6700000000, "roll": 0.0200000000, "pitch": 0.0200000000 },
"slam": {"x": -2810.8750300755, "y": 9689.4034475383, "yaw": 2.7432002199 },
"matches": 27.0000000000,
"groundtruth": {"x": -2680.0000000000, "y": 9860.0000000000, "z": -80.0000000000, "yaw": 2.6800000000, "pitch": -0.0100000000, "roll": -0.0200000000 },
"extend": true
},
{
"time": "8/9/2012 2:56:50 PM",
"covariance": [173.0055479448, 147.3108450536, 0.0147525632, 147.3108450536, 164.2126777419, 0.0025952237, 0.0147525632, 0.0025952237, 0.0000050517],
"ins": {"x": -2740.0000000000, "y": 9810.0000000000, "z": -540.0000000000, "yaw": 2.6700000000, "roll": 0.0100000000, "pitch": 0.0200000000 },
"slam": {"x": -2871.0235331224, "y": 9654.7088236452, "yaw": 2.7487530812 },
"matches": 32.0000000000,
"groundtruth": {"x": -2680.0000000000, "y": 9860.0000000000, "z": -80.0000000000, "yaw": 2.6900000000, "pitch": -0.0100000000, "roll": -0.0200000000 },
"extend": false
},
{
"time": "8/9/2012 2:56:50 PM",
"covariance": [164.2182575565, 136.4363741542, 0.0149199731, 136.4363741542, 151.0687218282, 0.0027856612, 0.0149199731, 0.0027856612, 0.0000051631],
"ins": {"x": -2770.0000000000, "y": 9840.0000000000, "z": -530.0000000000, "yaw": 3.3800000000, "roll": 0.0200000000, "pitch": 0.0300000000 },
"slam": {"x": -2816.8494936295, "y": 9767.1432037350, "yaw": 3.4600736111 },
"matches": 33.0000000000,
"groundtruth": {"x": -2710.0000000000, "y": 9900.0000000000, "z": -80.0000000000, "yaw": -2.9000000000, "pitch": 0.0000000000, "roll": -0.0200000000 },
"extend": true
},
{
"time": "8/9/2012 2:56:51 PM",
"covariance": [76.7012431288, 10.1206605694, 0.0037353824, 10.1206605694, 5.4567764653, -0.0007723752, 0.0037353824, -0.0007723752, 0.0000015625],
"ins": {"x": -2780.0000000000, "y": 9840.0000000000, "z": -530.0000000000, "yaw": 3.5400000000, "roll": 0.0200000000, "pitch": 0.0300000000 },
"slam": {"x": -2819.0759951352, "y": 9755.9219328355, "yaw": 3.6116589484 },
"matches": 72.0000000000,
"groundtruth": {"x": -2720.0000000000, "y": 9900.0000000000, "z": -80.0000000000, "yaw": -2.7400000000, "pitch": 0.0000000000, "roll": -0.0100000000 },
"extend": false
},
{
"time": "8/9/2012 2:56:51 PM",
"covariance": [78.4650417338, 10.3507754594, 0.0037041455, 10.3507754594, 5.4804657966, -0.0007638934, 0.0037041455, -0.0007638934, 0.0000015497],
"ins": {"x": -2790.0000000000, "y": 9840.0000000000, "z": -530.0000000000, "yaw": 3.5400000000, "roll": 0.0200000000, "pitch": 0.0300000000 },
"slam": {"x": -2820.8670913454, "y": 9757.8887172842, "yaw": 3.6126607177 },
"matches": 72.0000000000,
"groundtruth": {"x": -2720.0000000000, "y": 9900.0000000000, "z": -80.0000000000, "yaw": -2.7400000000, "pitch": 0.0000000000, "roll": -0.0200000000 },
"extend": false
},
{
"time": "8/9/2012 2:56:51 PM",
"covariance": [79.1617569557, 10.3792233634, 0.0036106619, 10.3792233634, 5.4489096766, -0.0007162771, 0.0036106619, -0.0007162771, 0.0000015131],
"ins": {"x": -2790.0000000000, "y": 9840.0000000000, "z": -530.0000000000, "yaw": 3.5400000000, "roll": 0.0200000000, "pitch": 0.0300000000 },
"slam": {"x": -2814.9450069483, "y": 9750.8383713695, "yaw": 3.6118922663 },
"matches": 71.0000000000,
"groundtruth": {"x": -2720.0000000000, "y": 9900.0000000000, "z": -80.0000000000, "yaw": -2.7300000000, "pitch": 0.0000000000, "roll": -0.0100000000 },
"extend": false
},
{
"time": "8/9/2012 2:56:51 PM",
"covariance": [82.7957988954, 9.4711041291, 0.0047575200, 9.4711041291, 5.2882696225, -0.0008773720, 0.0047575200, -0.0008773720, 0.0000019995],
"ins": {"x": -2790.0000000000, "y": 9840.0000000000, "z": -530.0000000000, "yaw": 3.5400000000, "roll": 0.0200000000, "pitch": 0.0300000000 },
"slam": {"x": -2836.0260534344, "y": 9758.9166340564, "yaw": 3.6194758535 },
"matches": 69.0000000000,
"groundtruth": {"x": -2720.0000000000, "y": 9900.0000000000, "z": -80.0000000000, "yaw": -2.7300000000, "pitch": 0.0000000000, "roll": -0.0200000000 },
"extend": false
},
{
"time": "8/9/2012 2:56:51 PM",
"covariance": [79.1065703285, 10.1192764416, 0.0039077476, 10.1192764416, 5.4878490943, -0.0008027880, 0.0039077476, -0.0008027880, 0.0000016370],
"ins": {"x": -2790.0000000000, "y": 9840.0000000000, "z": -530.0000000000, "yaw": 3.5400000000, "roll": 0.0200000000, "pitch": 0.0300000000 },
"slam": {"x": -2836.7594455998, "y": 9760.7441492228, "yaw": 3.6238208472 },
"matches": 70.0000000000,
"groundtruth": {"x": -2730.0000000000, "y": 9900.0000000000, "z": -80.0000000000, "yaw": -2.7300000000, "pitch": 0.0000000000, "roll": -0.0200000000 },
"extend": false
},
{
"time": "8/9/2012 2:56:51 PM",
"covariance": [79.1065703285, 10.1192764416, 0.0039077476, 10.1192764416, 5.4878490943, -0.0008027880, 0.0039077476, -0.0008027880, 0.0000016370],
"ins": {"x": -2790.0000000000, "y": 9840.0000000000, "z": -530.0000000000, "yaw": 3.5400000000, "roll": 0.0200000000, "pitch": 0.0300000000 },
"slam": {"x": -2836.7594455998, "y": 9760.7441492228, "yaw": 3.6238208472 },
"matches": 70.0000000000,
"groundtruth": {"x": -2730.0000000000, "y": 9900.0000000000, "z": -80.0000000000, "yaw": -2.7300000000, "pitch": 0.0000000000, "roll": -0.0200000000 },
"extend": false
},
{
"time": "8/9/2012 2:56:51 PM",
"covariance": [79.1065703285, 10.1192764416, 0.0039077476, 10.1192764416, 5.4878490943, -0.0008027880, 0.0039077476, -0.0008027880, 0.0000016370],
"ins": {"x": -2790.0000000000, "y": 9840.0000000000, "z": -530.0000000000, "yaw": 3.5400000000, "roll": 0.0200000000, "pitch": 0.0300000000 },
"slam": {"x": -2836.7594455998, "y": 9760.7441492228, "yaw": 3.6238208472 },
"matches": 70.0000000000,
"groundtruth": {"x": -2730.0000000000, "y": 9900.0000000000, "z": -80.0000000000, "yaw": -2.7300000000, "pitch": 0.0000000000, "roll": -0.0200000000 },
"extend": false
},
{
"time": "8/9/2012 2:56:52 PM",
"covariance": [79.1065703285, 10.1192764416, 0.0039077476, 10.1192764416, 5.4878490943, -0.0008027880, 0.0039077476, -0.0008027880, 0.0000016370],
"ins": {"x": -2790.0000000000, "y": 9840.0000000000, "z": -530.0000000000, "yaw": 3.5400000000, "roll": 0.0200000000, "pitch": 0.0300000000 },
"slam": {"x": -2836.7594455998, "y": 9760.7441492228, "yaw": 3.6238208472 },
"matches": 70.0000000000,
"groundtruth": {"x": -2730.0000000000, "y": 9900.0000000000, "z": -80.0000000000, "yaw": -2.7300000000, "pitch": 0.0000000000, "roll": -0.0200000000 },
"extend": false
},
{
"time": "8/9/2012 2:56:52 PM",
"covariance": [79.1065703285, 10.1192764416, 0.0039077476, 10.1192764416, 5.4878490943, -0.0008027880, 0.0039077476, -0.0008027880, 0.0000016370],
"ins": {"x": -2790.0000000000, "y": 9840.0000000000, "z": -530.0000000000, "yaw": 3.5400000000, "roll": 0.0200000000, "pitch": 0.0300000000 },
"slam": {"x": -2836.7594455998, "y": 9760.7441492228, "yaw": 3.6238208472 },
"matches": 70.0000000000,
"groundtruth": {"x": -2730.0000000000, "y": 9900.0000000000, "z": -80.0000000000, "yaw": -2.7300000000, "pitch": 0.0000000000, "roll": -0.0200000000 },
"extend": false
},
{
"time": "8/9/2012 2:56:52 PM",
"covariance": [79.1065703285, 10.1192764416, 0.0039077476, 10.1192764416, 5.4878490943, -0.0008027880, 0.0039077476, -0.0008027880, 0.0000016370],
"ins": {"x": -2790.0000000000, "y": 9840.0000000000, "z": -530.0000000000, "yaw": 3.5400000000, "roll": 0.0200000000, "pitch": 0.0300000000 },
"slam": {"x": -2836.7594455998, "y": 9760.7441492228, "yaw": 3.6238208472 },
"matches": 70.0000000000,
"groundtruth": {"x": -2730.0000000000, "y": 9900.0000000000, "z": -80.0000000000, "yaw": -2.7300000000, "pitch": 0.0000000000, "roll": -0.0200000000 },
"extend": false
},
{
"time": "8/9/2012 2:56:52 PM",
"covariance": [79.1065703285, 10.1192764416, 0.0039077476, 10.1192764416, 5.4878490943, -0.0008027880, 0.0039077476, -0.0008027880, 0.0000016370],
"ins": {"x": -2790.0000000000, "y": 9840.0000000000, "z": -530.0000000000, "yaw": 3.5400000000, "roll": 0.0200000000, "pitch": 0.0300000000 },
"slam": {"x": -2836.7594455998, "y": 9760.7441492228, "yaw": 3.6238208472 },
"matches": 70.0000000000,
"groundtruth": {"x": -2730.0000000000, "y": 9900.0000000000, "z": -80.0000000000, "yaw": -2.7300000000, "pitch": 0.0000000000, "roll": -0.0200000000 },
"extend": false
},
{
"time": "8/9/2012 2:56:52 PM",
"covariance": [143.1953819067, -1.4878524482, 0.0171934254, -1.4878524482, 9.9780715254, -0.0045331439, 0.0171934254, -0.0045331439, 0.0000070848],
"ins": {"x": -3320.0000000000, "y": 9600.0000000000, "z": -580.0000000000, "yaw": 3.5300000000, "roll": 0.0100000000, "pitch": 0.0400000000 },
"slam": {"x": -3354.9453856348, "y": 9562.0666778844, "yaw": 3.5817483986 },
"matches": 64.0000000000,
"groundtruth": {"x": -3280.0000000000, "y": 9670.0000000000, "z": -80.0000000000, "yaw": -2.7500000000, "pitch": 0.0200000000, "roll": -0.0200000000 },
"extend": true
},
{
"time": "8/9/2012 2:56:52 PM",
"covariance": [167.9785294603, -30.2271373796, 0.0063049430, -30.2271373796, 15.7095678876, -0.0029944596, 0.0063049430, -0.0029944596, 0.0000026149],
"ins": {"x": -3900.0000000000, "y": 9390.0000000000, "z": -570.0000000000, "yaw": 3.5100000000, "roll": 0.0100000000, "pitch": 0.0500000000 },
"slam": {"x": -4083.0678007524, "y": 9202.1970214623, "yaw": 3.6056139374 },
"matches": 65.0000000000,
"groundtruth": {"x": -3930.0000000000, "y": 9410.0000000000, "z": -80.0000000000, "yaw": -2.7600000000, "pitch": 0.0000000000, "roll": -0.0200000000 },
"extend": true
},
{
"time": "8/9/2012 2:56:52 PM",
"covariance": [90.7248040121, -25.3007952244, 0.0057896252, -25.3007952244, 13.1327067983, -0.0032947913, 0.0057896252, -0.0032947913, 0.0000025028],
"ins": {"x": -4470.0000000000, "y": 9180.0000000000, "z": -550.0000000000, "yaw": 3.4200000000, "roll": 0.0300000000, "pitch": 0.0200000000 },
"slam": {"x": -4458.3309768941, "y": 8882.8485467345, "yaw": 3.5010948143 },
"matches": 64.0000000000,
"groundtruth": {"x": -4420.0000000000, "y": 9230.0000000000, "z": -70.0000000000, "yaw": -2.8600000000, "pitch": 0.0000000000, "roll": 0.0000000000 },
"extend": true
},
{
"time": "8/9/2012 2:56:52 PM",
"covariance": [2463.8757091326, -1585.0789652682, 1.5783344387, -1585.0789652682, 661.6864530369, -0.6789348173, 1.5783344387, -0.6789348173, 0.0006987444],
"ins": {"x": -4670.0000000000, "y": 9130.0000000000, "z": -550.0000000000, "yaw": 3.3300000000, "roll": 0.0400000000, "pitch": 0.0300000000 },
"slam": {"x": -4629.0345738450, "y": 8802.1557376175, "yaw": 3.3845299870 },
"matches": 72.0000000000,
"groundtruth": {"x": -4640.0000000000, "y": 9180.0000000000, "z": -70.0000000000, "yaw": -2.9600000000, "pitch": 0.0000000000, "roll": 0.0000000000 },
"extend": false
},
{
"time": "8/9/2012 2:56:53 PM",
"covariance": [5115.7663086976, -3609.8522165503, 2.7841944962, -3609.8522165503, 2092.5800898858, -1.6021905248, 2.7841944962, -1.6021905248, 0.0012305067],
"ins": {"x": -4930.0000000000, "y": 9110.0000000000, "z": -540.0000000000, "yaw": 3.1600000000, "roll": 0.0400000000, "pitch": 0.0300000000 },
"slam": {"x": -4868.6114289714, "y": 8762.6849184066, "yaw": 3.2281262846 },
"matches": 59.0000000000,
"groundtruth": {"x": -4870.0000000000, "y": 9150.0000000000, "z": -70.0000000000, "yaw": -3.1200000000, "pitch": 0.0000000000, "roll": 0.0000000000 },
"extend": true
},
{
"time": "8/9/2012 2:56:53 PM",
"covariance": [137.9564002509, 7.3602329589, 0.0077120654, 7.3602329589, 6.4961034665, -0.0019804040, 0.0077120654, -0.0019804040, 0.0000030577],
"ins": {"x": -5130.0000000000, "y": 9130.0000000000, "z": -550.0000000000, "yaw": 3.0500000000, "roll": 0.0400000000, "pitch": 0.0300000000 },
"slam": {"x": -5105.3958328086, "y": 8744.9400600566, "yaw": 3.1185193265 },
"matches": 58.0000000000,
"groundtruth": {"x": -5110.0000000000, "y": 9170.0000000000, "z": -70.0000000000, "yaw": 3.0500000000, "pitch": 0.0000000000, "roll": 0.0000000000 },
"extend": true
},
{
"time": "8/9/2012 2:56:53 PM",
"covariance": [313.2009831406, -24.8614411278, 0.0600402205, -24.8614411278, 19.4324981340, -0.0129550857, 0.0600402205, -0.0129550857, 0.0000226235],
"ins": {"x": -5880.0000000000, "y": 9200.0000000000, "z": -560.0000000000, "yaw": 3.0600000000, "roll": 0.0400000000, "pitch": 0.0300000000 },
"slam": {"x": -5825.9859749807, "y": 8761.7421803153, "yaw": 3.1305075928 },
"matches": 47.0000000000,
"groundtruth": {"x": -5800.0000000000, "y": 9230.0000000000, "z": -70.0000000000, "yaw": 3.0600000000, "pitch": 0.0000000000, "roll": 0.0000000000 },
"extend": true
},
{
"time": "8/9/2012 2:56:53 PM",
"covariance": [383.8846470584, 19.3882571311, 0.0471917427, 19.3882571311, 22.3146118314, -0.0084421265, 0.0471917427, -0.0084421265, 0.0000168605],
"ins": {"x": -6450.0000000000, "y": 9260.0000000000, "z": -570.0000000000, "yaw": 3.0100000000, "roll": 0.0400000000, "pitch": 0.0300000000 },
"slam": {"x": -6460.5673368767, "y": 8787.0790738029, "yaw": 3.0892394799 },
"matches": 43.0000000000,
"groundtruth": {"x": -6420.0000000000, "y": 9300.0000000000, "z": -70.0000000000, "yaw": 3.0100000000, "pitch": 0.0000000000, "roll": 0.0000000000 },
"extend": true
},
{
"time": "8/9/2012 2:56:53 PM",
"covariance": [NaN, NaN, NaN, NaN, NaN, NaN, NaN, NaN, NaN],
"ins": {"x": -7160.0000000000, "y": 9370.0000000000, "z": -570.0000000000, "yaw": 3.0100000000, "roll": 0.0400000000, "pitch": 0.0600000000 },
"slam": {"x": -7160.0000000000, "y": 9370.0000000000, "yaw": 3.0099999905 },
"matches": 0.0000000000,
"groundtruth": {"x": -7090.0000000000, "y": 9380.0000000000, "z": -80.0000000000, "yaw": 3.0100000000, "pitch": 0.0300000000, "roll": 0.0000000000 },
"extend": true
},
{
"time": "8/9/2012 2:56:53 PM",
"covariance": [884.3249701180, 188.0918407355, 0.1206607714, 188.0918407355, 85.5164579814, 0.0009875323, 0.1206607714, 0.0009875323, 0.0000382993],
"ins": {"x": -7780.0000000000, "y": 9490.0000000000, "z": -570.0000000000, "yaw": 3.0300000000, "roll": 0.0400000000, "pitch": 0.0500000000 },
"slam": {"x": -7891.0807272725, "y": 9453.1788757002, "yaw": 3.0563276539 },
"matches": 34.0000000000,
"groundtruth": {"x": -7760.0000000000, "y": 9470.0000000000, "z": -80.0000000000, "yaw": 3.0300000000, "pitch": 0.0200000000, "roll": 0.0000000000 },
"extend": true
},
{
"time": "8/9/2012 2:56:53 PM",
"covariance": [755.6757622984, 174.9496961914, 0.0929159786, 174.9496961914, 75.3897038739, 0.0061773349, 0.0929159786, 0.0061773349, 0.0000277768],
"ins": {"x": -8520.0000000000, "y": 9580.0000000000, "z": -550.0000000000, "yaw": 3.0300000000, "roll": 0.0300000000, "pitch": 0.0400000000 },
"slam": {"x": -8643.1500844340, "y": 9573.4582086081, "yaw": 3.0720645685 },
"matches": 27.0000000000,
"groundtruth": {"x": -8450.0000000000, "y": 9550.0000000000, "z": -80.0000000000, "yaw": 3.0300000000, "pitch": 0.0100000000, "roll": -0.0100000000 },
"extend": true
},
{
"time": "8/9/2012 2:56:54 PM",
"covariance": [2755.7008865129, 833.4824973143, 0.6353692868, 833.4824973143, 285.9515528673, 0.1638003096, 0.6353692868, 0.1638003096, 0.0001969525],
"ins": {"x": -9130.0000000000, "y": 9620.0000000000, "z": -530.0000000000, "yaw": 3.0200000000, "roll": 0.0300000000, "pitch": 0.0400000000 },
"slam": {"x": -8840.4492392286, "y": 9740.3042709566, "yaw": 3.0301440968 },
"matches": 20.0000000000,
"groundtruth": {"x": -9140.0000000000, "y": 9630.0000000000, "z": -70.0000000000, "yaw": 3.0200000000, "pitch": 0.0100000000, "roll": 0.0000000000 },
"extend": true
},
{
"time": "8/9/2012 2:56:54 PM",
"covariance": [NaN, NaN, NaN, NaN, NaN, NaN, NaN, NaN, NaN],
"ins": {"x": -9900.0000000000, "y": 9720.0000000000, "z": -530.0000000000, "yaw": 3.0100000000, "roll": 0.0400000000, "pitch": 0.0500000000 },
"slam": {"x": -9900.0000000000, "y": 9720.0000000000, "yaw": 3.0099999905 },
"matches": 0.0000000000,
"groundtruth": {"x": -9830.0000000000, "y": 9720.0000000000, "z": -80.0000000000, "yaw": 3.0100000000, "pitch": 0.0200000000, "roll": 0.0000000000 },
"extend": true
},
{
"time": "8/9/2012 2:56:54 PM",
"covariance": [NaN, NaN, NaN, NaN, NaN, NaN, NaN, NaN, NaN],
"ins": {"x": -10280.0000000000, "y": 9780.0000000000, "z": -520.0000000000, "yaw": 3.0500000000, "roll": 0.0400000000, "pitch": 0.0300000000 },
"slam": {"x": -10280.0000000000, "y": 9780.0000000000, "yaw": 3.0499999523 },
"matches": 0.0000000000,
"groundtruth": {"x": -10230.0000000000, "y": 9770.0000000000, "z": -70.0000000000, "yaw": 3.0700000000, "pitch": 0.0000000000, "roll": 0.0000000000 },
"extend": true
},
{
"time": "8/9/2012 2:56:54 PM",
"covariance": [14470.0689338452, 7122.4397919617, -4.0859474637, 7122.4397919617, 3578.8811673518, -2.0129052385, -4.0859474637, -2.0129052385, 0.0011772735],
"ins": {"x": -10620.0000000000, "y": 9780.0000000000, "z": -530.0000000000, "yaw": 3.2100000000, "roll": 0.0400000000, "pitch": 0.0300000000 },
"slam": {"x": -10666.8128214387, "y": 9827.4985382303, "yaw": 3.1687047047 },
"matches": 6.0000000000,
"groundtruth": {"x": -10540.0000000000, "y": 9780.0000000000, "z": -70.0000000000, "yaw": -3.0800000000, "pitch": 0.0000000000, "roll": 0.0000000000 },
"extend": true
},
{
"time": "8/9/2012 2:56:54 PM",
"covariance": [1860.1043719228, 529.2426655173, -0.4902530557, 529.2426655173, 173.3440788320, -0.1423203456, -0.4902530557, -0.1423203456, 0.0001360082],
"ins": {"x": -10940.0000000000, "y": 9730.0000000000, "z": -520.0000000000, "yaw": 3.3400000000, "roll": 0.0400000000, "pitch": 0.0300000000 },
"slam": {"x": -11083.6439122887, "y": 9763.0947734630, "yaw": 3.2891780628 },
"matches": 17.0000000000,
"groundtruth": {"x": -10930.0000000000, "y": 9710.0000000000, "z": -70.0000000000, "yaw": -2.9500000000, "pitch": 0.0000000000, "roll": 0.0000000000 },
"extend": true
},
{
"time": "8/9/2012 2:56:54 PM",
"covariance": [1172.7222129330, 104.1148175193, -0.2487028390, 104.1148175193, 34.7155150636, -0.0247258630, -0.2487028390, -0.0247258630, 0.0000671763],
"ins": {"x": -11670.0000000000, "y": 9580.0000000000, "z": -490.0000000000, "yaw": 3.3100000000, "roll": 0.0400000000, "pitch": 0.0400000000 },
"slam": {"x": -11665.0034069335, "y": 9701.7383261916, "yaw": 3.2880703484 },
"matches": 19.0000000000,
"groundtruth": {"x": -11590.0000000000, "y": 9590.0000000000, "z": -80.0000000000, "yaw": -2.9700000000, "pitch": 0.0100000000, "roll": 0.0000000000 },
"extend": true
},
{
"time": "8/9/2012 2:56:54 PM",
"covariance": [2269.0365681500, 89.5522792394, -0.4344950529, 89.5522792394, 22.9020964861, -0.0237327830, -0.4344950529, -0.0237327830, 0.0001177735],
"ins": {"x": -12280.0000000000, "y": 9490.0000000000, "z": -460.0000000000, "yaw": 3.3000000000, "roll": 0.0400000000, "pitch": 0.0400000000 },
"slam": {"x": -12286.0889212757, "y": 9631.9324091538, "yaw": 3.2771494284 },
"matches": 24.0000000000,
"groundtruth": {"x": -12260.0000000000, "y": 9490.0000000000, "z": -80.0000000000, "yaw": -2.9900000000, "pitch": 0.0100000000, "roll": 0.0000000000 },
"extend": true
},
{
"time": "8/9/2012 2:56:55 PM",
"covariance": [1587.5472567429, 30.9757230106, -0.1665481271, 30.9757230106, 16.9392375874, -0.0027321104, -0.1665481271, -0.0027321104, 0.0000450121],
"ins": {"x": -13010.0000000000, "y": 9370.0000000000, "z": -490.0000000000, "yaw": 3.3000000000, "roll": 0.0400000000, "pitch": 0.0600000000 },
"slam": {"x": -12911.6201857915, "y": 9556.7743525060, "yaw": 3.3275886903 },
"matches": 26.0000000000,
"groundtruth": {"x": -12930.0000000000, "y": 9380.0000000000, "z": -80.0000000000, "yaw": -2.9900000000, "pitch": 0.0300000000, "roll": 0.0000000000 },
"extend": true
},
{
"time": "8/9/2012 2:56:55 PM",
"covariance": [2919.5483698357, -72.4232348098, -0.5433028717, -72.4232348098, 26.0939798931, 0.0141567483, -0.5433028717, 0.0141567483, 0.0001455876],
"ins": {"x": -13610.0000000000, "y": 9300.0000000000, "z": -470.0000000000, "yaw": 3.2900000000, "roll": 0.0400000000, "pitch": 0.0500000000 },
"slam": {"x": -13603.5965629241, "y": 9487.4724273957, "yaw": 3.2907383514 },
"matches": 19.0000000000,
"groundtruth": {"x": -13630.0000000000, "y": 9280.0000000000, "z": -80.0000000000, "yaw": -3.0000000000, "pitch": 0.0200000000, "roll": 0.0000000000 },
"extend": true
},
{
"time": "8/9/2012 2:56:55 PM",
"covariance": [5194.3757853002, -206.4878976271, -1.0010123169, -206.4878976271, 42.9892224703, 0.0198541044, -1.0010123169, 0.0198541044, 0.0002655351],
"ins": {"x": -14380.0000000000, "y": 9180.0000000000, "z": -460.0000000000, "yaw": 3.2900000000, "roll": 0.0400000000, "pitch": 0.0600000000 },
"slam": {"x": -14314.3634554511, "y": 9426.9491597617, "yaw": 3.3027904529 },
"matches": 16.0000000000,
"groundtruth": {"x": -14310.0000000000, "y": 9180.0000000000, "z": -80.0000000000, "yaw": -3.0000000000, "pitch": 0.0300000000, "roll": 0.0000000000 },
"extend": true
},
{
"time": "8/9/2012 2:56:55 PM",
"covariance": [NaN, NaN, NaN, NaN, NaN, NaN, NaN, NaN, NaN],
"ins": {"x": -14980.0000000000, "y": 9080.0000000000, "z": -460.0000000000, "yaw": 3.2900000000, "roll": 0.0400000000, "pitch": 0.0400000000 },
"slam": {"x": -14980.0000000000, "y": 9080.0000000000, "yaw": 3.2899999619 },
"matches": 0.0000000000,
"groundtruth": {"x": -14960.0000000000, "y": 9080.0000000000, "z": -70.0000000000, "yaw": -2.9900000000, "pitch": 0.0000000000, "roll": 0.0000000000 },
"extend": true
},
{
"time": "8/9/2012 2:56:55 PM",
"covariance": [NaN, NaN, NaN, NaN, NaN, NaN, NaN, NaN, NaN],
"ins": {"x": -15270.0000000000, "y": 9000.0000000000, "z": -450.0000000000, "yaw": 3.4600000000, "roll": 0.0400000000, "pitch": 0.0300000000 },
"slam": {"x": -15270.0000000000, "y": 9000.0000000000, "yaw": 3.4600000381 },
"matches": 0.0000000000,
"groundtruth": {"x": -15200.0000000000, "y": 9010.0000000000, "z": -70.0000000000, "yaw": -2.8200000000, "pitch": 0.0000000000, "roll": 0.0000000000 },
"extend": true
},
{
"time": "8/9/2012 2:56:55 PM",
"covariance": [NaN, NaN, NaN, NaN, NaN, NaN, NaN, NaN, NaN],
"ins": {"x": -15510.0000000000, "y": 8900.0000000000, "z": -460.0000000000, "yaw": 3.6200000000, "roll": 0.0400000000, "pitch": 0.0300000000 },
"slam": {"x": -15510.0000000000, "y": 8900.0000000000, "yaw": 3.6199998856 },
"matches": 0.0000000000,
"groundtruth": {"x": -15480.0000000000, "y": 8900.0000000000, "z": -70.0000000000, "yaw": -2.6400000000, "pitch": 0.0000000000, "roll": 0.0000000000 },
"extend": true
},
{
"time": "8/9/2012 2:56:55 PM",
"covariance": [NaN, NaN, NaN, NaN, NaN, NaN, NaN, NaN, NaN],
"ins": {"x": -16060.0000000000, "y": 8570.0000000000, "z": -470.0000000000, "yaw": 3.6900000000, "roll": 0.0400000000, "pitch": 0.0400000000 },
"slam": {"x": -16060.0000000000, "y": 8570.0000000000, "yaw": 3.6900000572 },
"matches": 0.0000000000,
"groundtruth": {"x": -16000.0000000000, "y": 8580.0000000000, "z": -80.0000000000, "yaw": -2.5900000000, "pitch": 0.0100000000, "roll": 0.0000000000 },
"extend": true
},
{
"time": "8/9/2012 2:56:56 PM",
"covariance": [NaN, NaN, NaN, NaN, NaN, NaN, NaN, NaN, NaN],
"ins": {"x": -16540.0000000000, "y": 8250.0000000000, "z": -460.0000000000, "yaw": 3.6700000000, "roll": 0.0400000000, "pitch": 0.0300000000 },
"slam": {"x": -16540.0000000000, "y": 8250.0000000000, "yaw": 3.6700000763 },
"matches": 0.0000000000,
"groundtruth": {"x": -16580.0000000000, "y": 8240.0000000000, "z": -70.0000000000, "yaw": -2.6100000000, "pitch": 0.0000000000, "roll": 0.0000000000 },
"extend": true
},
{
"time": "8/9/2012 2:56:56 PM",
"covariance": [NaN, NaN, NaN, NaN, NaN, NaN, NaN, NaN, NaN],
"ins": {"x": -17210.0000000000, "y": 7860.0000000000, "z": -480.0000000000, "yaw": 3.6800000000, "roll": 0.0300000000, "pitch": 0.0500000000 },
"slam": {"x": -17210.0000000000, "y": 7860.0000000000, "yaw": 3.6800000668 },
"matches": 0.0000000000,
"groundtruth": {"x": -17140.0000000000, "y": 7890.0000000000, "z": -80.0000000000, "yaw": -2.6000000000, "pitch": 0.0300000000, "roll": -0.0100000000 },
"extend": true
},
{
"time": "8/9/2012 2:56:56 PM",
"covariance": [NaN, NaN, NaN, NaN, NaN, NaN, NaN, NaN, NaN],
"ins": {"x": -17740.0000000000, "y": 7550.0000000000, "z": -450.0000000000, "yaw": 3.6900000000, "roll": 0.0400000000, "pitch": 0.0300000000 },
"slam": {"x": -17740.0000000000, "y": 7550.0000000000, "yaw": 3.6900000572 },
"matches": 0.0000000000,
"groundtruth": {"x": -17710.0000000000, "y": 7540.0000000000, "z": -70.0000000000, "yaw": -2.5900000000, "pitch": 0.0000000000, "roll": 0.0000000000 },
"extend": true
},
{
"time": "8/9/2012 2:56:56 PM",
"covariance": [395.6846527380, 605.7925804983, -0.1467845346, 605.7925804983, 995.2603581342, -0.2204710011, -0.1467845346, -0.2204710011, 0.0000704467],
"ins": {"x": -18400.0000000000, "y": 7160.0000000000, "z": -440.0000000000, "yaw": 3.6700000000, "roll": 0.0400000000, "pitch": 0.0300000000 },
"slam": {"x": -18359.6842198742, "y": 7184.6900951194, "yaw": 3.6726914565 },
"matches": 25.0000000000,
"groundtruth": {"x": -18320.0000000000, "y": 7170.0000000000, "z": -70.0000000000, "yaw": -2.6100000000, "pitch": 0.0000000000, "roll": 0.0000000000 },
"extend": true
},
{
"time": "8/9/2012 2:56:56 PM",
"covariance": [121.2858805032, 196.0429978587, -0.0170415162, 196.0429978587, 350.5927901954, -0.0222157820, -0.0170415162, -0.0222157820, 0.0000088948],
"ins": {"x": -18930.0000000000, "y": 6850.0000000000, "z": -440.0000000000, "yaw": 3.6600000000, "roll": 0.0400000000, "pitch": 0.0300000000 },
"slam": {"x": -18954.4529734554, "y": 6858.5686657646, "yaw": 3.6706049070 },
"matches": 49.0000000000,
"groundtruth": {"x": -18920.0000000000, "y": 6820.0000000000, "z": -70.0000000000, "yaw": -2.6100000000, "pitch": 0.0000000000, "roll": 0.0000000000 },
"extend": true
},
{
"time": "8/9/2012 2:56:56 PM",
"covariance": [398.7844090494, 412.1474917456, -0.3095520568, 412.1474917456, -303.2201659645, -0.4741817820, -0.3095520568, -0.4741817820, 0.0002214923],
"ins": {"x": -19630.0000000000, "y": 6460.0000000000, "z": -430.0000000000, "yaw": 3.6700000000, "roll": 0.0400000000, "pitch": 0.0300000000 },
"slam": {"x": -19574.9983716416, "y": 6503.5105731418, "yaw": 3.6652899595 },
"matches": 68.0000000000,
"groundtruth": {"x": -19530.0000000000, "y": 6460.0000000000, "z": -80.0000000000, "yaw": -2.6100000000, "pitch": 0.0100000000, "roll": 0.0000000000 },
"extend": true
},
{
"time": "8/9/2012 2:56:57 PM",
"covariance": [24.7116511690, 28.3208952759, -0.0005981738, 28.3208952759, 54.1453738802, -0.0012281920, -0.0005981738, -0.0012281920, 0.0000006949],
"ins": {"x": -20180.0000000000, "y": 6150.0000000000, "z": -420.0000000000, "yaw": 3.6700000000, "roll": 6.2600000000, "pitch": 6.1900000000 },
"slam": {"x": -20260.4225331423, "y": 6326.4244761435, "yaw": 3.7129783230 },
"matches": 63.0000000000,
"groundtruth": {"x": -20140.0000000000, "y": 6110.0000000000, "z": -30.0000000000, "yaw": -2.6100000000, "pitch": -0.1300000000, "roll": -0.0800000000 },
"extend": true
},
{
"time": "8/9/2012 2:56:57 PM",
"covariance": [19.6458412061, 30.7686025703, -0.0157513252, 30.7686025703, 47.7050532980, -0.0279416989, -0.0157513252, -0.0279416989, 0.0000196012],
"ins": {"x": -20730.0000000000, "y": 5860.0000000000, "z": -290.0000000000, "yaw": 3.6300000000, "roll": 6.2500000000, "pitch": 6.1500000000 },
"slam": {"x": -20750.9960706937, "y": 6043.5979426436, "yaw": 3.6696704344 },
"matches": 114.0000000000,
"groundtruth": {"x": -20630.0000000000, "y": 5860.0000000000, "z": 50.0000000000, "yaw": -2.6500000000, "pitch": -0.1400000000, "roll": -0.0700000000 },
"extend": true
},
{
"time": "8/9/2012 2:56:57 PM",
"covariance": [1.7952195814, 1.5115833442, -0.0003008879, 1.5115833442, 3.6676823906, -0.0004258825, -0.0003008879, -0.0004258825, 0.0000004449],
"ins": {"x": -20730.0000000000, "y": 5860.0000000000, "z": -290.0000000000, "yaw": 3.6300000000, "roll": 6.2500000000, "pitch": 6.1500000000 },
"slam": {"x": -20749.2473620901, "y": 6042.1666161835, "yaw": 3.6684234917 },
"matches": 152.0000000000,
"groundtruth": {"x": -20630.0000000000, "y": 5860.0000000000, "z": 50.0000000000, "yaw": -2.6500000000, "pitch": -0.1400000000, "roll": -0.0700000000 },
"extend": false
},
{
"time": "8/9/2012 2:56:57 PM",
"covariance": [2.6503482522, 2.2024712607, -0.0004582724, 2.2024712607, 5.1275608231, -0.0006191941, -0.0004582724, -0.0006191941, 0.0000007242],
"ins": {"x": -20830.0000000000, "y": 5860.0000000000, "z": -280.0000000000, "yaw": 3.0500000000, "roll": 0.0400000000, "pitch": 6.1600000000 },
"slam": {"x": -20802.6517039263, "y": 5985.8527982797, "yaw": 3.0926606451 },
"matches": 101.0000000000,
"groundtruth": {"x": -20720.0000000000, "y": 5860.0000000000, "z": 70.0000000000, "yaw": 3.0600000000, "pitch": -0.1400000000, "roll": 0.0100000000 },
"extend": true
},
{
"time": "8/9/2012 2:56:57 PM",
"covariance": [-88.9808394441, 4.9589671397, 0.0583916117, 4.9589671397, 192.7357696468, -0.2513691920, 0.0583916117, -0.2513691920, 0.0002876652],
"ins": {"x": -20930.0000000000, "y": 5810.0000000000, "z": -270.0000000000, "yaw": 2.6000000000, "roll": 0.0600000000, "pitch": 6.2000000000 },
"slam": {"x": -20920.0838976566, "y": 5905.5076094340, "yaw": 2.5749010010 },
"matches": 85.0000000000,
"groundtruth": {"x": -20830.0000000000, "y": 5820.0000000000, "z": 70.0000000000, "yaw": 2.5400000000, "pitch": -0.1000000000, "roll": 0.0300000000 },
"extend": true
},
{
"time": "8/9/2012 2:56:57 PM",
"covariance": [-12.8612017762, -126.1243941300, 0.1803082191, -126.1243941300, 370.1404275791, -0.4203532936, 0.1803082191, -0.4203532936, 0.0004569657],
"ins": {"x": -20970.0000000000, "y": 5810.0000000000, "z": -260.0000000000, "yaw": 2.2700000000, "roll": 0.1200000000, "pitch": 6.2600000000 },
"slam": {"x": -20961.5381928135, "y": 5881.9876403516, "yaw": 2.3207369760 },
"matches": 94.0000000000,
"groundtruth": {"x": -20860.0000000000, "y": 5810.0000000000, "z": 70.0000000000, "yaw": 2.2800000000, "pitch": -0.0300000000, "roll": 0.0900000000 },
"extend": false
},
{
"time": "8/9/2012 2:56:58 PM",
"covariance": [-31.9370927942, -120.6173979100, 0.1513104485, -120.6173979100, 155.8279197198, -0.1972030642, 0.1513104485, -0.1972030642, 0.0002523067],
"ins": {"x": -20950.0000000000, "y": 5810.0000000000, "z": -260.0000000000, "yaw": 2.4200000000, "roll": 0.1000000000, "pitch": 6.2400000000 },
"slam": {"x": -20927.3373587256, "y": 5903.7624314468, "yaw": 2.5198944815 },
"matches": 107.0000000000,
"groundtruth": {"x": -20840.0000000000, "y": 5820.0000000000, "z": 70.0000000000, "yaw": 2.4800000000, "pitch": -0.0600000000, "roll": 0.0700000000 },
"extend": false
},
{
"time": "8/9/2012 2:56:58 PM",
